jails: 
  prison1: 
    world: world
    x: 15.50538454111655
    y: 189.0
    z: 7.49462645596419
    yaw: -270.27625
    pitch: 0.43238744
  prison2: 
    world: world
    x: 11.54959116604137
    y: 189.0
    z: 15.549218534247775
    yaw: -226.02032
    pitch: 1.764717
  prison3: 
    world: world
    x: -32.1197137174686
    y: 73.0
    z: 0.5085585290253847
    yaw: 271.3014
    pitch: 30.35776
