spawns: 
  default: 
    world: world
    x: 0.01824782120930238
    y: 190.5
    z: 0.34614966002930486
    yaw: -357.55096
    pitch: 4.1978226
