OctoWither:
  world: world
  x: 105.47005298332463
  y: 27.5
  z: -200.39025076202475
