timestamps:
  login: 1455722537457
  logout: 1455722790065
ipAddress: 2.1.214.21
lastlocation:
  world: world
  x: 2.5
  y: 189.0
  z: -6.5
  yaw: 0.0
  pitch: 0.0
logoutlocation:
  world: world
  x: -29.610275627089976
  y: 199.0
  z: 17.240356956155573
  yaw: -357.3015
  pitch: 10.6511965
