timestamps:
  login: 1455189014241
  mute: 0
  logout: 1455189252904
ipAddress: 37.161.215.88
lastlocation:
  world: world
  x: 4.5
  y: 187.0
  z: 6.5
  yaw: 0.0
  pitch: 0.0
muted: true
logoutlocation:
  world: world
  x: -10.300000011920929
  y: 190.0
  z: -66.04303518070333
  yaw: -194.54047
  pitch: 8.249993
