uuid: def05b36-11d3-3cd9-b99a-27bfdc78d812
timestamps:
  login: 1457025581248
  kits:
    bouffe: 1456726326921
    octonien: 1456910050929
    decouverte: 1456945212345
  logout: 1457026382145
  lastteleport: 1457025891685
  lastheal: 1457026213562
ipAddress: 77.149.180.19
lastlocation:
  world: world
  x: 0.9010449882383523
  y: 190.5
  z: 1.255900045454528
  yaw: -159.55885
  pitch: 40.600807
homes:
  home:
    world: world
    x: -865.9389166906473
    y: 5.0
    z: -5425.761291547882
    yaw: 180.56488
    pitch: 2.188205
logoutlocation:
  world: world
  x: 504.13749998807907
  y: 7.125
  z: -4312.599442785276
  yaw: -168.30305
  pitch: 44.98255
money: '50.0'
