timestamps:
  login: 1455654835794
  lastteleport: 1455656397321
  kits:
    octonien: 1455652522400
  logout: 1455656527683
ipAddress: 109.31.140.70
lastlocation:
  world: world
  x: 2.2533720090803
  y: 189.0
  z: -26.883537049138987
  yaw: -338.13327
  pitch: -19.500002
logoutlocation:
  world: world
  x: -0.1171770091306238
  y: 190.5
  z: 0.7039789129742813
  yaw: -15.783081
  pitch: 10.129598
