socialspy: false
timestamps:
  login: 1454856535231
  logout: 1454856558948
ipAddress: 78.226.124.193
lastlocation:
  world: world
  x: -0.05640325665323345
  y: 191.0
  z: 0.06084168811078994
  yaw: -178.79053
  pitch: 16.049873
logoutlocation:
  world: world
  x: -0.05640325665323344
  y: 191.0
  z: 0.06084168811078994
  yaw: -178.49052
  pitch: 16.349873
