timestamps:
  login: 1455105802459
  logout: 1455106111359
ipAddress: 79.94.238.178
lastlocation:
  world: world
  x: 0.5
  y: 189.0
  z: 4.5
  yaw: 0.0
  pitch: 0.0
logoutlocation:
  world: world
  x: 2.7878914517450024
  y: 189.0
  z: -23.161117050945613
  yaw: -17.624487
  pitch: 16.905598
