uuid: fba3c977-7578-3a09-bd6b-9f7142cd6b70
timestamps:
  login: 1456966912709
  kits:
    octonien: 1456161669525
  logout: 1456967598612
  mute: 0
ipAddress: 77.150.39.252
lastlocation:
  world: world
  x: 0.5
  y: 190.0
  z: -2.5
  yaw: 0.0
  pitch: 0.0
logoutlocation:
  world: world
  x: 0.47588850610820493
  y: 188.0
  z: 16.88832794620877
  yaw: 180.68849
  pitch: 15.106193
money: '164'
muted: false
