timestamps:
  login: 1455280356567
  lastteleport: 1455280983678
  kits:
    octonien: 1455214674256
  logout: 1455281182219
ipAddress: 92.90.149.185
lastlocation:
  world: world
  x: -2680.5442315061932
  y: 13.0
  z: -3604.699999988079
  yaw: 225.03442
  pitch: 2.6017356
logoutlocation:
  world: world
  x: -2678.2779247470903
  y: 13.0
  z: -3601.6397162078906
  yaw: 89.37714
  pitch: 58.25419
