timestamps:
  login: 1455379492458
  kits:
    octonien: 1455379507425
  logout: 1455379695046
ipAddress: 2.14.136.210
lastlocation:
  world: world
  x: -9.5
  y: 189.0
  z: 6.5
  yaw: 0.0
  pitch: 0.0
logoutlocation:
  world: world
  x: -82.73122179145403
  y: 29.0
  z: 16.815961940069194
  yaw: -253.09534
  pitch: 0.049061127
