timestamps:
  login: 1455559898479
  lastteleport: 1455561596580
  kits:
    bouffe: 1455561257682
    octonien: 1455561637468
  logout: 1455562690533
ipAddress: 86.73.64.60
lastlocation:
  world: world
  x: 6191.989156678329
  y: 74.0
  z: -5407.018533467375
  yaw: 34.800385
  pitch: -16.799992
