uuid: 3c3a7175-ce05-3703-9038-48233a0fe0cc
timestamps:
  login: 1457281761971
  kits:
    bouffe: 1457262266294
    octonien: 1457261265782
  logout: 1457281926329
  lastteleport: 1457261734250
  lastheal: 1457269749368
  mute: 0
ipAddress: 86.215.169.214
lastlocation:
  world: world
  x: 14.585176567876712
  y: 189.0
  z: -14.563887688242195
  yaw: -130.75096
  pitch: -90.0
homes:
  home:
    world: world
    x: 7381.699999988079
    y: 6.0
    z: 343.42203925924605
    yaw: 92.55011
    pitch: 37.049976
logoutlocation:
  world: world
  x: 9244.464959962643
  y: 57.647999954223565
  z: 1648.2996086479802
  yaw: 83.7351
  pitch: 13.650034
muted: false
