uuid: f0471521-0d80-3c5f-a6dd-d91ca727d2cc
timestamps:
  login: 1455922727680
  logout: 1455925207115
ipAddress: 105.155.208.204
lastlocation:
  world: world
  x: -529.0137923277061
  y: 63.0
  z: 3065.457524817685
  yaw: -19.833773
  pitch: 29.850002
logoutlocation:
  world: world
  x: -158.7330993824765
  y: 30.753199980521202
  z: 42.70197888850602
  yaw: 113.21719
  pitch: 86.09999
