socialspy: false
timestamps:
  login: 1454835582947
  kits:
    octonien: 1454835642143
  logout: 1454835658608
ipAddress: 88.124.212.70
lastlocation:
  world: world
  x: -0.05640325665323345
  y: 191.0
  z: 0.06084168811078994
  yaw: -178.79053
  pitch: 16.049873
logoutlocation:
  world: world
  x: 2.5402944685790327
  y: 189.875
  z: -1.6999999880790708
  yaw: -184.04071
  pitch: 11.999874
