timestamps:
  login: 1456254844849
  kits:
    octonien: 1456254854064
  logout: 1456255667982
  lastteleport: 1456255606692
ipAddress: 77.152.120.49
lastlocation:
  world: world
  x: -0.14090013897333264
  y: 190.5
  z: 0.48611282218956364
  yaw: -317.2992
  pitch: -1.2922773
homes:
  home:
    world: world
    x: 1911.4702482852683
    y: 57.5
    z: 1233.4990422745016
    yaw: -89.40167
    pitch: 81.90003
logoutlocation:
  world: world
  x: -1.9828956837503535
  y: 190.5
  z: 1.674430544365837
  yaw: -312.6492
  pitch: 17.757734
uuid: ba0284b9-a806-32c5-91a0-052b80be0500
