uuid: b37a3ba3-0664-358e-bf1e-5a66d57e2c4f
timestamps:
  login: 1456920881119
  kits:
    bouffe: 1456667340258
    octonien: 1456850595470
  lastteleport: 1456920898489
  logout: 1456921231045
ipAddress: 92.138.240.215
lastlocation:
  world: world
  x: -1.574717665454266
  y: 188.0
  z: 21.032586177835586
  yaw: -1.9230957
  pitch: 17.93945
homes:
  home:
    world: world
    x: -3674.457423680743
    y: 116.0
    z: -5074.526618024334
    yaw: 93.70818
    pitch: 50.862648
logoutlocation:
  world: world
  x: -3672.153799578861
  y: 28.0
  z: -5070.503033486503
  yaw: 4.512504
  pitch: 45.776978
money: '70.0'
