uuid: a1b5cb0c-8b70-3c7d-b4cc-44cc214c541d
timestamps:
  login: 1457173966213
  logout: 1457174212629
ipAddress: 89.91.187.58
lastlocation:
  world: world
  x: 3.5
  y: 193.0
  z: -1.5
  yaw: 0.0
  pitch: 0.0
logoutlocation:
  world: world
  x: -32.386476053423515
  y: 28.0
  z: 126.52629910448535
  yaw: -262.00085
  pitch: 21.900003
