socialspy: false
timestamps:
  login: 1455615818332
  kits:
    bouffe: 1455446742628
    octonien: 1455439024302
  lastteleport: 1455615898091
  logout: 1455615914196
  mute: 0
  lastheal: 1455447343674
ipAddress: 90.32.150.165
lastlocation:
  world: world
  x: 8815.691465930253
  y: 63.0
  z: -4520.813453857526
  yaw: 167.05663
  pitch: -89.25
logoutlocation:
  world: world
  x: 8817.300000011921
  y: 224.0
  z: -4527.207308000689
  yaw: 84.28339
  pitch: 56.249996
homes:
  home:
    world: world
    x: 8818.774293971383
    y: 252.0
    z: -4526.98767448363
    yaw: 271.4834
    pitch: 34.499985
muted: false
