timestamps:
  login: 1455231818571
  kits:
    bouffe: 1455232221522
    octonien: 1455231841000
  logout: 1455232899201
ipAddress: 5.48.49.88
lastlocation:
  world: world
  x: -8.5
  y: 189.0
  z: -4.5
  yaw: 0.0
  pitch: 0.0
logoutlocation:
  world: world
  x: 542.6999999880791
  y: 64.0
  z: -1132.300000011921
  yaw: -348.50293
  pitch: 48.589596
