timestamps:
  login: 1456079477597
  lastteleport: 1456079632329
  kits:
    heros: 1456059836170
    bouffe: 1456062612927
    octonien: 1456060186197
    druide: 1456060736582
    chevalier: 1456054028148
    construction: 1456059894691
    legendaire: 1456059858705
  logout: 1456079964292
  lastheal: 1456070936343
ipAddress: 88.121.107.82
lastlocation:
  world: world
  x: 3499.573025004124
  y: 65.24918707874468
  z: -2854.49269147906
  yaw: -199.76105
  pitch: 24.02306
logoutlocation:
  world: world
  x: 17.69999998807907
  y: 191.0
  z: 67.08090956741512
  yaw: -211.15166
  pitch: -85.85672
money: '2622.0'
homes:
  d:
    world: world
    x: 3669.699999988079
    y: 5.0
    z: -2611.792969309923
    yaw: -13.014279
    pitch: -25.862076
  f:
    world: world
    x: 2702.7393222264595
    y: 3.0
    z: 1028.3298696142965
    yaw: -108.59985
    pitch: 39.449974
  a:
    world: world
    x: 3485.5
    y: 64.0
    z: -2846.5
    yaw: -207.41673
    pitch: -5.808554
  b:
    world: world
    x: 3475.4605596394827
    y: 64.0
    z: -2860.466823842611
    yaw: -199.46161
    pitch: 19.051144
  e:
    world: world
    x: 3478.7306031795674
    y: 63.0
    z: -2849.955612031621
    yaw: -280.2822
    pitch: -6.899997
  c:
    world: world
    x: -8453.343543580784
    y: 82.0
    z: -5300.699999988079
    yaw: -159.59875
    pitch: 16.649977
uuid: 21520538-9c13-3e5f-838c-b3d85d99f525
