timestamps:
  login: 1457281225836
  kits:
    bouffe: 1456072318096
    octonien: 1456080971938
    druide: 1456017487478
    xp: 1457283064696
    decouverte: 1456014133793
  logout: 1457284378735
  lastteleport: 1456081277463
  lastheal: 1457284290119
ipAddress: 88.139.181.178
lastlocation:
  world: world
  x: -0.14090013897333264
  y: 190.5
  z: 0.48611282218956364
  yaw: -263.14917
  pitch: 6.6577344
logoutlocation:
  world: world
  x: 5160.300000011921
  y: 63.0
  z: 3983.4243582161234
  yaw: 140.30249
  pitch: -14.999955
homes:
  home:
    world: world
    x: 5159.297254834863
    y: 63.0
    z: 3986.812239008414
    yaw: 179.30507
    pitch: 10.200043
uuid: 34416c23-df6e-3ecf-b491-582091c5271f
money: '3905.0'
