uuid: e0bca469-a725-316b-a951-dc381656e1a9
timestamps:
  login: 1455915556210
  logout: 1455915867581
  kits:
    octonien: 1455915574684
ipAddress: 82.64.11.13
lastlocation:
  world: world
  x: -1.5
  y: 191.0
  z: 0.5
  yaw: 0.0
  pitch: 0.0
logoutlocation:
  world: world
  x: -0.5793957303516809
  y: 189.0
  z: 13.398914939467964
  yaw: -171.99794
  pitch: 4.361419
