timestamps:
  login: 1455052096458
  kits:
    bouffe: 1455052011541
    octonien: 1455051397803
  logout: 1455052080744
ipAddress: 78.209.191.106
lastlocation:
  world: world
  x: 2.5
  y: 191.0
  z: 2.5
  yaw: 0.0
  pitch: 0.0
logoutlocation:
  world: world
  x: -1781.7505922752334
  y: 35.96636804164124
  z: 1634.9910222413912
  yaw: -48.749393
  pitch: 67.349976
