timestamps:
  login: 1455250555127
  kits:
    octonien: 1455250564829
  logout: 1455250777327
ipAddress: 184.162.74.4
lastlocation:
  world: world
  x: -0.5
  y: 189.0
  z: 5.5
  yaw: 0.0
  pitch: 0.0
logoutlocation:
  world: world
  x: 47.12440864194302
  y: 64.0
  z: -295.98493957621076
  yaw: -35.98755
  pitch: -39.31594
