timestamps:
  login: 1455489711548
  kits:
    bouffe: 1455489540873
    octonien: 1455487926425
  logout: 1455490402698
ipAddress: 90.19.88.139
lastlocation:
  world: world
  x: -9.5
  y: 189.0
  z: 0.5
  yaw: 0.0
  pitch: 0.0
logoutlocation:
  world: world
  x: 6100.498470457811
  y: 64.0
  z: 3259.887396166164
  yaw: -21.46466
  pitch: 29.699984
