timestamps:
  login: 1455047053562
  kits:
    octonien: 1455042716185
  logout: 1455043152788
ipAddress: 88.219.66.91
lastlocation:
  world: world
  x: 7.5
  y: 189.0
  z: -7.5
  yaw: 0.0
  pitch: 0.0
logoutlocation:
  world: world
  x: 27.3698934151182
  y: 187.0
  z: -21.51838558844253
  yaw: -204.07433
  pitch: 15.43168
