timestamps:
  login: 1455561476804
  kits:
    octonien: 1455561593736
  logout: 1455561703996
ipAddress: 94.225.165.204
lastlocation:
  world: world
  x: -1.5
  y: 189.0
  z: -8.5
  yaw: 0.0
  pitch: 0.0
logoutlocation:
  world: world
  x: 7.926289300539801
  y: 189.0
  z: 2.617455932665499
  yaw: -233.43213
  pitch: 25.026688
