uuid: c0934e01-003c-3dc1-868d-842c6e5ff7de
timestamps:
  login: 1456687625646
  kits:
    octonien: 1456687632534
  lastteleport: 1456687712520
ipAddress: 109.89.242.34
lastlocation:
  world: world
  x: 7.992651415821893
  y: 27.0
  z: 87.43606509761906
  yaw: 22.84774
  pitch: 21.899729
