timestamps:
  login: 1456331801711
  kits:
    bouffe: 1456234799131
    octonien: 1456231175972
    decouverte: 1456231136263
  logout: 1456331833260
  lastteleport: 1456331825447
  lastheal: 1455921850090
ipAddress: 109.214.45.222
lastlocation:
  world: world
  x: 0.7742021973362812
  y: 190.0
  z: -1.757092831058869
  yaw: -87.64874
  pitch: 31.649996
logoutlocation:
  world: world
  x: 2378.355074432732
  y: 60.0
  z: -1561.582444793149
  yaw: 123.299614
  pitch: 17.100012
homes:
  home:
    world: world
    x: 2375.45450645149
    y: 61.0
    z: -1562.7805246496112
    yaw: 135.2996
    pitch: 32.099987
money: '10'
uuid: a46dc70a-0aef-3a7b-aec3-d95c36b0de61
