socialspy: false
timestamps:
  login: 1454804875542
  logout: 1454804889741
ipAddress: 82.242.210.165
lastlocation:
  world: world
  x: -0.05640325665323345
  y: 191.0
  z: 0.06084168811078994
  yaw: -178.79053
  pitch: 16.049873
logoutlocation:
  world: world
  x: -0.07342874566408154
  y: 190.5
  z: 2.1191480401449914
  yaw: -178.79053
  pitch: 16.049873
