uuid: 31545791-6ba7-38d3-b488-d84e8e1c53c6
timestamps:
  login: 1456858084772
  logout: 1456858557099
ipAddress: 78.233.253.18
lastlocation:
  world: world
  x: -3.5
  y: 190.0
  z: 1.5
  yaw: 0.0
  pitch: 0.0
logoutlocation:
  world: world
  x: 2409.4046628249134
  y: 77.0
  z: 2301.812657529251
  yaw: 259.79645
  pitch: 19.350039
