uuid: de06f4ac-28f6-3683-a694-984395a76b59
timestamps:
  login: 1457293949354
  kits:
    octonien: 1457036429243
    decouverte: 1457186498839
    xp: 1457283892921
  lastteleport: 1457294209068
  logout: 1457294281279
  lastheal: 1457294070115
ipAddress: 2.4.11.176
lastlocation:
  world: world
  x: -4280.555664542751
  y: 5.875
  z: 7172.699999988079
  yaw: 260.72406
  pitch: 32.32307
logoutlocation:
  world: world
  x: -4281.5795490458095
  y: 5.0
  z: 7170.300000011921
  yaw: -293.63428
  pitch: 31.373583
homes:
  home:
    world: world
    x: 6019.065723337703
    y: 5.0
    z: -7527.705580600153
    yaw: 223.55469
    pitch: 0.3836273
money: '325.0'
