uuid: 9f66ff04-32f6-39d1-bde5-fcbe991cbd87
timestamps:
  login: 1456177476088
  kits:
    octonien: 1456177486912
  logout: 1456177499519
ipAddress: 88.169.93.127
lastlocation:
  world: world
  x: -5.5
  y: 189.0
  z: -2.5
  yaw: 0.0
  pitch: 0.0
logoutlocation:
  world: world
  x: -10.532299672644346
  y: 189.0
  z: 1.2860458323362078
  yaw: -253.54924
  pitch: -0.84226024
