timestamps:
  login: 1455486439150
  logout: 1455486363516
ipAddress: 88.189.124.130
lastlocation:
  world: world
  x: 2.5
  y: 189.0
  z: -6.5
  yaw: 0.0
  pitch: 0.0
logoutlocation:
  world: world
  x: -2.1253357762480474
  y: 188.0
  z: 28.73771599636887
  yaw: 45.137215
  pitch: 40.500015
