timestamps:
  login: 1455471119853
  kits:
    bouffe: 1455471464939
    octonien: 1455471186339
  logout: 1455471624873
ipAddress: 90.28.51.248
lastlocation:
  world: world
  x: -3.5
  y: 187.0
  z: -4.5
  yaw: 0.0
  pitch: 0.0
logoutlocation:
  world: world
  x: 0.062275714192639775
  y: 189.5
  z: 3.601338326922271
  yaw: 39.251526
  pitch: 16.130985
