timestamps:
  login: 1456412872331
  kits:
    bouffe: 1456319699797
    octonien: 1456064327799
    decouverte: 1455562635765
  lastteleport: 1456066432630
  logout: 1456412889474
  lastheal: 1456066367048
ipAddress: 82.246.56.56
lastlocation:
  world: world
  x: 69.41225520125774
  y: 63.0
  z: -282.61412741960606
  yaw: -35.33014
  pitch: 70.349945
homes:
  home:
    world: world
    x: -1065.842674180145
    y: 65.0
    z: 2292.5147172856996
    yaw: -262.5005
    pitch: 90.0
logoutlocation:
  world: world
  x: -6.420639420866457
  y: 189.0
  z: -14.87357340367687
  yaw: 184.09027
  pitch: 12.517334
money: '418.0'
uuid: 42a25d2b-8d5a-3dac-96f4-d3520f9ff3b5
