timestamps:
  login: 1457267047723
  kits:
    bouffe: 1455732253724
    octonien: 1455383484193
    decouverte: 1455797117946
  lastteleport: 1457267232762
  logout: 1457267673191
  lastheal: 1455798718206
ipAddress: 92.169.112.78
lastlocation:
  world: world
  x: -54.64248259381485
  y: 189.0
  z: -2.8101009534454606
  yaw: -355.23285
  pitch: 18.229576
logoutlocation:
  world: world
  x: 4301.699999988079
  y: 4.0
  z: -9011.699999988079
  yaw: -135.37952
  pitch: 50.400063
homes:
  home:
    world: world
    x: 4295.102902738593
    y: 39.0
    z: -9006.385063502534
    yaw: -243.97754
    pitch: 10.050022
money: '942.0'
uuid: 8e7ecbc2-84c7-32aa-8799-9f61eaedb1f4
