uuid: a2e7e2c5-e15d-33e5-9650-b8224fec2138
timestamps:
  login: 1457141342125
  kits:
    bouffe: 1456708682380
    octonien: 1456635774087
    decouverte: 1457141369038
  logout: 1457141644433
  lastteleport: 1457141386125
  lastheal: 1456718438689
ipAddress: 166.62.156.93
lastlocation:
  world: world
  x: 6074.94482796413
  y: 252.875
  z: -1642.843598339341
  yaw: -274.2724
  pitch: 22.959982
logoutlocation:
  world: world
  x: 2.2494172790772233
  y: 176.5
  z: -3.0768862573403557
  yaw: -107.71347
  pitch: -3.2849488
homes:
  home:
    world: world
    x: 6072.211288404714
    y: 252.875
    z: -1644.621572350576
    yaw: -338.6224
    pitch: 41.40999
money: '1274.5'
