uuid: 2dbe472e-0f40-3fa6-bb15-ca90e34a5aa3
timestamps:
  login: 1457220050569
  lastteleport: 1457207864707
  kits:
    octonien: 1457199544685
  logout: 1457220087970
  mute: 0
ipAddress: 109.18.161.5
lastlocation:
  world: world
  x: 4.1897355106232785
  y: 186.0
  z: -67.9296089434707
  yaw: -136.15088
  pitch: 28.347794
logoutlocation:
  world: world
  x: 4754.300000011921
  y: 33.0
  z: -8412.120333770972
  yaw: 272.958
  pitch: 10.649981
muted: false
