uuid: 2523cc94-04da-34b8-9e39-04d4c1893dee
timestamps:
  login: 1456070130266
  logout: 1456072056599
ipAddress: 80.129.145.12
lastlocation:
  world: world
  x: 7.5
  y: 189.0
  z: 0.5
  yaw: 0.0
  pitch: 0.0
logoutlocation:
  world: world
  x: 231.50509213224473
  y: 8.0
  z: 1669.1753986424192
  yaw: -0.05041504
  pitch: 15.450002
