timestamps:
  login: 1455623983255
  kits:
    octonien: 1455619216599
  lastteleport: 1455620286334
  logout: 1455623996079
ipAddress: 176.150.224.164
lastlocation:
  world: world
  x: 37.69999998807907
  y: 187.0
  z: -57.30000001192095
  yaw: -4.362916
  pitch: 87.00001
logoutlocation:
  world: world
  x: 1097.964745821506
  y: 12.0
  z: -1932.2766358798106
  yaw: 34.803974
  pitch: 24.599997
