timestamps:
  login: 1455284701547
  logout: 1455284891229
ipAddress: 2.8.60.199
lastlocation:
  world: world
  x: -1.5
  y: 189.0
  z: 4.5
  yaw: 0.0
  pitch: 0.0
logoutlocation:
  world: world
  x: 2007.237500011921
  y: 72.0
  z: 1904.350955708166
  yaw: 70.95003
  pitch: 12.900003
