uuid: 11e74da5-3eb5-320d-ba44-7dc91ae08c9d
timestamps:
  login: 1455973738482
  logout: 1455973821855
ipAddress: 109.213.251.178
lastlocation:
  world: world
  x: -8.5
  y: 189.0
  z: -5.5
  yaw: 0.0
  pitch: 0.0
logoutlocation:
  world: world
  x: -28.22372270646339
  y: 198.0
  z: -33.69511768105439
  yaw: -300.1823
  pitch: 0.8295982
