timestamps:
  login: 1455741907289
  logout: 1455741973398
ipAddress: 78.243.21.248
lastlocation:
  world: world
  x: -9.5
  y: 189.0
  z: -2.5
  yaw: 0.0
  pitch: 0.0
logoutlocation:
  world: world
  x: 17.121987500133994
  y: 189.0
  z: -13.56265580273061
  yaw: -169.32324
  pitch: 4.2308908
