uuid: 690684a3-2c60-3d66-a9bb-48e43f584a4b
timestamps:
  login: 1457017545289
  logout: 1457018071557
ipAddress: 24.157.186.58
lastlocation:
  world: world
  x: 2.5
  y: 177.0
  z: -3.5
  yaw: 0.0
  pitch: 0.0
logoutlocation:
  world: world
  x: 11.918405501998041
  y: 35.5
  z: -6.4418093645092975
  yaw: -42.850994
  pitch: 29.697811
