timestamps:
  login: 1455035640201
  logout: 1455035653704
ipAddress: 83.157.109.134
lastlocation:
  world: world
  x: -9.5
  y: 189.0
  z: -9.5
  yaw: 0.0
  pitch: 0.0
logoutlocation:
  world: world
  x: -0.03741346987907743
  y: 190.5
  z: -0.7003353504782844
  yaw: -176.39046
  pitch: 7.499973
