uuid: 4f9b191c-0610-3d2d-a19a-23c5ed0c29ea
timestamps:
  login: 1456421883560
  kits:
    bouffe: 1456421956840
    octonien: 1456421961667
  logout: 1456422113264
  lastteleport: 1456421979926
ipAddress: 2.8.253.80
lastlocation:
  world: world
  x: -5000.522257889447
  y: 6.0
  z: 1825.6874794571254
  yaw: 237.89996
  pitch: 25.805376
logoutlocation:
  world: world
  x: -0.14090013897333264
  y: 190.5
  z: 0.48611282218956364
  yaw: -270.64917
  pitch: 22.857735
homes:
  home:
    world: world
    x: -4996.300000011921
    y: 6.0
    z: 1827.699999988079
    yaw: 123.23915
    pitch: 12.498486
