uuid: a0b2aca1-c43d-303e-87e9-843395a1246b
timestamps:
  login: 1457263125131
  kits:
    bouffe: 1456665142972
    octonien: 1457184895919
    decouverte: 1457185570782
  lastteleport: 1457263453943
  logout: 1457263534369
  lastheal: 1457184862129
ipAddress: 78.218.228.112
lastlocation:
  world: world
  x: 73.35998940043328
  y: 29.0
  z: -35.1888931600553
  yaw: -20.050537
  pitch: 7.1999755
homes:
  home:
    world: world
    x: 1497.888059369362
    y: 13.0
    z: -1178.5429796815122
    yaw: -185.25366
    pitch: 29.55
logoutlocation:
  world: world
  x: 1.8977450733760612
  y: 189.0
  z: 14.10093161872545
  yaw: -337.00098
  pitch: 23.247822
money: '316.25'
