timestamps:
  login: 1456153341341
  kits:
    bouffe: 1456153348768
    octonien: 1455698135542
    decouverte: 1456139331316
  lastteleport: 1456153397271
  logout: 1456153399371
  lastheal: 1455698188893
ipAddress: 2.3.77.211
lastlocation:
  world: world
  x: 1.4580972290049454
  y: 53.0
  z: 30.39611971342526
  yaw: -184.39502
  pitch: 24.803448
logoutlocation:
  world: world
  x: 920.9563126222762
  y: 5.0
  z: 2281.4426910619377
  yaw: -87.70233
  pitch: 27.859137
homes:
  home:
    world: world
    x: 916.105579397501
    y: 5.0
    z: 2281.418024615418
    yaw: -273.25238
    pitch: 17.959137
money: '5433.00'
uuid: d8120c14-2297-3456-8e2f-0635223c1e3b
