uuid: fd5f9a2f-f075-38b8-ac17-2354d90e34da
timestamps:
  login: 1457278249411
  lastteleport: 1457280635041
  kits:
    bouffe: 1457220511774
    octonien: 1457277538870
    xp: 1457279228254
    decouverte: 1457218995606
  lastheal: 1457282520968
  logout: 1457282827479
  mute: 0
ipAddress: 93.1.28.199
lastlocation:
  world: world
  x: 4.80466559273317
  y: 189.0
  z: 14.177250581994045
  yaw: -284.49908
  pitch: 16.947865
money: '19663.00'
logoutlocation:
  world: world
  x: -9320.558522098963
  y: 116.0
  z: -314.7330546954478
  yaw: 287.24414
  pitch: 17.93585
muted: false
homes:
  home:
    world: world
    x: -9311.830489396449
    y: 113.0
    z: -308.9867503316799
    yaw: -277.83386
    pitch: 18.080986
