socialspy: false
timestamps:
  login: 1454864601548
  logout: 1454864606047
ipAddress: 78.208.148.19
lastlocation:
  world: world
  x: -0.05640325665323345
  y: 191.0
  z: 0.06084168811078994
  yaw: -178.79053
  pitch: 16.049873
logoutlocation:
  world: world
  x: -0.05640325665323344
  y: 191.0
  z: 0.06084168811078994
  yaw: -176.746
  pitch: 10.171845
