uuid: b51360fc-ec17-3914-abd0-59f8facbb993
timestamps:
  login: 1457257480107
  logout: 1457260261843
ipAddress: 86.111.136.6
lastlocation:
  world: world
  x: 0.5
  y: 189.0
  z: -3.5
  yaw: 0.0
  pitch: 0.0
logoutlocation:
  world: world
  x: -38.26199919357413
  y: 198.0
  z: 62.463955367003805
  yaw: -306.95715
  pitch: 35.89331
