timestamps:
  login: 1455535802815
  logout: 1455535808764
ipAddress: 82.237.5.130
lastlocation:
  world: world
  x: 1.5
  y: 189.0
  z: 4.5
  yaw: 0.0
  pitch: 0.0
logoutlocation:
  world: world
  x: 0.5
  y: 191.0
  z: 0.5
  yaw: -181.36298
  pitch: 70.68065
