uuid: a99bd821-d50c-33cb-bd35-1bff3ccb0fd8
timestamps:
  login: 1456561598519
  kits:
    octonien: 1456561612655
  logout: 1456561664140
ipAddress: 82.230.76.19
lastlocation:
  world: world
  x: -4.5
  y: 189.0
  z: 0.5
  yaw: 0.0
  pitch: 0.0
logoutlocation:
  world: world
  x: 0.7008143112127507
  y: 190.5
  z: 1.0542134116086594
  yaw: -136.90137
  pitch: 3.2978446
