timestamps:
  login: 1455112072173
  logout: 1455112375304
ipAddress: 78.119.91.231
lastlocation:
  world: world
  x: -7.5
  y: 188.0
  z: -4.5
  yaw: 0.0
  pitch: 0.0
logoutlocation:
  world: world
  x: -0.5
  y: 190.5
  z: 0.5
  yaw: -180.44048
  pitch: 81.74999
