timestamps:
  login: 1455471351829
  logout: 1455471796140
ipAddress: 41.250.118.52
lastlocation:
  world: world
  x: -3.5
  y: 189.0
  z: 9.5
  yaw: 0.0
  pitch: 0.0
logoutlocation:
  world: world
  x: 4.728499636985363
  y: 189.0
  z: 17.103459031098758
  yaw: -176.75075
  pitch: 22.852114
