timestamps:
  login: 1455114322594
  logout: 1455114669917
ipAddress: 109.11.43.213
lastlocation:
  world: world
  x: -2.5
  y: 191.0
  z: 2.5
  yaw: 0.0
  pitch: 0.0
logoutlocation:
  world: world
  x: 0.22731674761994852
  y: 190.5
  z: 1.5855090532706884
  yaw: -107.365234
  pitch: 44.5344
