timestamps:
  login: 1456950389666
  kits:
    minerais: 1456944696640
    heros: 1456773055290
    bouffe: 1456834507786
    octonien: 1456748545811
    druide: 1456696879297
    chevalier: 1456950489938
    xp: 1456944869524
    decouverte: 1456944883110
    construction: 1456944757537
    legendaire: 1456944850223
    alchimiste: 1456944901431
    golden: 1456944622777
  logout: 1456950875295
  lastteleport: 1456950550985
  lastheal: 1456945363056
  mute: 0
ipAddress: 2.4.41.200
lastlocation:
  world: world
  x: 8208.300000011921
  y: 40.0
  z: 5101.675940540986
  yaw: 7.953282
  pitch: 18.367252
logoutlocation:
  world: world
  x: 6968.115364747739
  y: 83.0
  z: 4646.501921025924
  yaw: -304.35907
  pitch: 40.937748
homes:
  sky:
    world: world
    x: 7336.5
    y: 250.0
    z: 1239.5
    yaw: 190.89804
    pitch: 12.773089
  spawner:
    world: world
    x: 8428.693658889872
    y: 17.0
    z: 2948.4245950514855
    yaw: -183.45819
    pitch: 16.043211
  raid:
    world: world
    x: 8771.120111673275
    y: 91.0
    z: 4553.699999988079
    yaw: -134.9793
    pitch: 12.691744
  new:
    world: world
    x: 6985.5844328584135
    y: 81.0
    z: 4660.529754400332
    yaw: -182.86975
    pitch: 22.948353
money: '9730.2'
muted: false
uuid: 49da0fb8-94df-3f2d-9555-5ab552ca95b4
ban:
  reason: Banni temporairement du serveur pour 10 secondes.
  timeout: 0
