timestamps:
  login: 1457286680735
  logout: 1457287268039
  kits:
    bouffe: 1457263030634
    octonien: 1457267995557
    decouverte: 1457263201951
  lastteleport: 1457287189448
  lastheal: 1457263055502
ipAddress: 92.169.175.205
lastlocation:
  world: world
  x: 7565.0319059541025
  y: 6.0
  z: -6315.1774269122925
  yaw: -170.5472
  pitch: -86.39993
logoutlocation:
  world: world
  x: 1785.699999988079
  y: 68.0
  z: -1656.300000011921
  yaw: -23.400513
  pitch: 90.0
homes:
  home:
    world: world
    x: 7573.924652177663
    y: 5.0
    z: -6366.616265715387
    yaw: 353.54846
    pitch: 33.45018
uuid: 8bb094bd-c854-301a-b4cb-9debcc40a5e0
money: '5.0'
