timestamps:
  login: 1457302631592
  kits:
    bouffe: 1457226872266
    octonien: 1457222953355
  logout: 1457302662492
  lastteleport: 1457229565109
ipAddress: 76.68.184.81
lastlocation:
  world: world
  x: -5.226900412990656
  y: 187.0
  z: 62.843955635069456
  yaw: -19.750214
  pitch: -17.10338
logoutlocation:
  world: world
  x: -1.6044046792962048
  y: 188.10408037809304
  z: 29.944034902923452
  yaw: 173.88504
  pitch: 10.870478
homes:
  home:
    world: world
    x: 2445.7258230518637
    y: 17.0
    z: -2689.5255824222722
    yaw: 260.70728
    pitch: 8.581861
uuid: 39b24d4e-c63f-3222-997e-21f997cf49ca
