timestamps:
  login: 1455228867412
  logout: 1455228909743
ipAddress: 77.199.20.74
lastlocation:
  world: world
  x: 8.5
  y: 189.0
  z: -5.5
  yaw: 0.0
  pitch: 0.0
logoutlocation:
  world: world
  x: 9.75476387420279
  y: 189.0
  z: 7.265564852825976
  yaw: -112.49044
  pitch: 22.349987
