timestamps:
  login: 1456259753355
  kits:
    bouffe: 1456247206509
    octonien: 1456246671086
    decouverte: 1456247083521
  lastteleport: 1456259234449
  logout: 1456259768971
  lastheal: 1456259459180
ipAddress: 89.185.190.84
lastlocation:
  world: world
  x: 5669.395767971851
  y: 6.0
  z: -738.7045146684954
  yaw: 265.20822
  pitch: 14.849984
homes:
  home:
    world: world
    x: -264.095297809605
    y: 64.0
    z: -90.09124803706699
    yaw: -10.023519
    pitch: 7.695366
logoutlocation:
  world: world
  x: 5669.2410060916045
  y: 6.0
  z: -738.3175840006843
  yaw: -7.195465
  pitch: 3.0004673
money: '140.25'
ignore:
- nathan38
- quent1450
uuid: 37e65320-19ac-34cf-a6ce-05e6008acd10
