socialspy: false
timestamps:
  login: 1455312782808
  logout: 1455312813003
  kits:
    bouffe: 1455297520741
    octonien: 1455297659810
    xp: 1455296249067
    decouverte: 1455297514638
  lastteleport: 1455309079559
  lastheal: 1455309910226
ipAddress: 109.14.6.139
lastlocation:
  world: world
  x: 4858.496129751776
  y: 70.5
  z: 3563.091820947568
  yaw: -237.85422
  pitch: -6.7887626
logoutlocation:
  world: world
  x: 3500.0526750274116
  y: 42.0
  z: 4322.489835378354
  yaw: -150.46161
  pitch: -20.500982
homes:
  home:
    world: world
    x: 3494.05408881933
    y: 42.0
    z: 4329.071388872504
    yaw: -116.7392
    pitch: -4.8428936
money: '10'
ban:
  reason: 'Banni : Double Compte'
  timeout: 0
