timestamps:
  login: 1455109211724
  kits:
    octonien: 1455109385366
  lastteleport: 1455110475154
  logout: 1455110680954
ipAddress: 92.140.215.47
lastlocation:
  world: world
  x: 2229.300000011921
  y: 13.0
  z: -1945.699999988079
  yaw: -38.960007
  pitch: 18.793781
money: '136.75'
logoutlocation:
  world: world
  x: 440.6775434800926
  y: 58.0
  z: 9973.205318284537
  yaw: 127.7879
  pitch: 1.331974
