timestamps:
  login: 1455305340799
  lastteleport: 1455305360079
  logout: 1455306010923
ipAddress: 83.79.254.14
lastlocation:
  world: world
  x: 0.5
  y: 190.5
  z: 0.5
  yaw: -185.26297
  pitch: 70.08065
logoutlocation:
  world: world
  x: -1049.699999988079
  y: 62.315600039720536
  z: -7295.699999988079
  yaw: -189.14589
  pitch: 46.04973
