timestamps:
  login: 1454960776048
  logout: 1454961809201
ipAddress: 85.169.96.203
lastlocation:
  world: world
  x: 3.5
  y: 184.0
  z: -4.5
  yaw: 0.0
  pitch: 0.0
logoutlocation:
  world: world
  x: 36.89197880571562
  y: 68.0
  z: -344.14964946997674
  yaw: -29.69162
  pitch: 69.90003
