timestamps:
  login: 1455033624863
  kits:
    octonien: 1455033665686
  logout: 1455034263940
ipAddress: 109.212.235.249
lastlocation:
  world: world
  x: 7.5
  y: 189.0
  z: 9.5
  yaw: 0.0
  pitch: 0.0
logoutlocation:
  world: world
  x: -2.3987454839205573
  y: 189.0
  z: 11.6398991098268
  yaw: 170.80849
  pitch: 15.999621
