timestamps:
  login: 1455483414008
  kits:
    bouffe: 1455482311858
  logout: 1455483513712
ipAddress: 77.129.76.46
lastlocation:
  world: world
  x: 0.5
  y: 189.0
  z: 5.5
  yaw: 0.0
  pitch: 0.0
logoutlocation:
  world: world
  x: -2.385208371047109
  y: 189.0
  z: -45.22893239666836
  yaw: -136.51299
  pitch: 7.3500013
