uuid: 5bbdfabf-1f97-3f5b-99bb-dc8871cc8df9
timestamps:
  login: 1456083808820
  kits:
    bouffe: 1455875774489
    octonien: 1455874959216
    decouverte: 1456055159326
  logout: 1456084101959
  lastteleport: 1456083980052
  lastheal: 1456057302968
ipAddress: 86.71.233.218
lastlocation:
  world: world
  x: 8.647910335028998
  y: 187.0
  z: 39.174144076202786
  yaw: 203.20079
  pitch: 9.207751
logoutlocation:
  world: world
  x: 0.9008021365809247
  y: 189.5
  z: 3.3726328817052513
  yaw: -122.299164
  pitch: 20.007734
homes:
  home:
    world: world
    x: 0.9008021365809247
    y: 189.5
    z: 3.3726328817052513
    yaw: -122.299164
    pitch: 20.007734
money: '50.0'
