uuid: 51f4d0be-09a8-31f8-9c26-fbe1360c72c9
timestamps:
  login: 1456432675513
  kits:
    bouffe: 1456403666277
    octonien: 1456403633092
  lastteleport: 1456432757986
  logout: 1456406502339
ipAddress: 88.179.164.19
lastlocation:
  world: world
  x: 4108.275043404776
  y: 20.0
  z: -2048.231232739805
  yaw: -113.67038
  pitch: 84.299965
homes:
  home:
    world: world
    x: 4110.8608861337
    y: 20.0
    z: -2052.232312138945
    yaw: -13.620178
    pitch: 69.80469
logoutlocation:
  world: world
  x: 272.4537867677255
  y: 64.0
  z: 135.56204581822894
  yaw: -30.008152
  pitch: 14.684042
money: '2E-9'
