socialspy: false
timestamps:
  login: 1454873503825
  logout: 1454873532906
  kits:
    bouffe: 1454871234585
    octonien: 1454871218141
ipAddress: 92.89.95.9
lastlocation:
  world: world
  x: -0.05640325665323345
  y: 191.0
  z: 0.06084168811078994
  yaw: -178.79053
  pitch: 16.049873
logoutlocation:
  world: world
  x: -0.05640325665323345
  y: 191.0
  z: 0.06084168811078994
  yaw: -178.79053
  pitch: 16.049873
