uuid: eb21cebf-f9c9-3812-97b7-b44d69bdde30
timestamps:
  login: 1456339310516
  kits:
    bouffe: 1456336628758
    octonien: 1456336454436
  lastteleport: 1456339155503
  logout: 1456339591658
ipAddress: 82.249.82.78
lastlocation:
  world: world
  x: 0.3236026384973681
  y: 190.5
  z: 0.9193593681467829
  yaw: -310.09915
  pitch: 19.707731
homes:
  home:
    world: world
    x: 3253.252545665693
    y: 64.0
    z: 2355.689714325684
    yaw: -164.54999
    pitch: 32.69999
logoutlocation:
  world: world
  x: -0.14090013897333264
  y: 190.5
  z: 0.48611282218956364
  yaw: -270.64917
  pitch: 22.857735
