timestamps:
  login: 1455468234333
  logout: 1455468707420
ipAddress: 86.199.5.172
lastlocation:
  world: world
  x: 4.5
  y: 185.0
  z: 3.5
  yaw: 0.0
  pitch: 0.0
logoutlocation:
  world: world
  x: 13.380984577407602
  y: 189.0
  z: -16.906247962901435
  yaw: -94.66376
  pitch: 13.050007
