socialspy: false
timestamps:
  login: 1454779627190
  kits:
    octonien: 1454779848532
  lastteleport: 1454779901170
ipAddress: 78.206.15.49
lastlocation:
  world: world
  x: -10.23415390524059
  y: 189.0
  z: 3.7990572988501783
  yaw: -204.89046
  pitch: 6.1499996
