socialspy: false
timestamps:
  login: 1454778758178
  logout: 1454778906201
ipAddress: 90.45.35.214
lastlocation:
  world: world
  x: -0.05640325665323345
  y: 191.0
  z: 0.06084168811078994
  yaw: -178.79053
  pitch: 16.049873
logoutlocation:
  world: world
  x: 3.0154756513516188
  y: 173.0
  z: 4.004888799313733
  yaw: -280.94073
  pitch: 8.85
