timestamps:
  login: 1455710482529
  kits:
    bouffe: 1455710591081
    octonien: 1455710513448
  lastteleport: 1455710830146
  logout: 1455710932919
ipAddress: 88.175.90.97
lastlocation:
  world: world
  x: 1658.782817620616
  y: 77.0
  z: -1107.2970466315528
  yaw: 33.300007
  pitch: 10.649999
logoutlocation:
  world: world
  x: -3.7523963638455093
  y: 188.0
  z: 21.549185678231765
  yaw: -188.28322
  pitch: 13.279594
