uuid: da7424f6-eb44-3d6e-a2e1-1b8d2bee8aef
timestamps:
  login: 1456932926260
  logout: 1456933529491
ipAddress: 86.208.110.33
lastlocation:
  world: world
  x: -0.5
  y: 189.0
  z: -4.5
  yaw: 0.0
  pitch: 0.0
logoutlocation:
  world: world
  x: -2.5102212613821746
  y: 189.0
  z: 15.570480045445898
  yaw: 3.765808
  pitch: 2.0553133
