uuid: 40daeb87-fa60-39ee-8325-acb89825e625
timestamps:
  login: 1457336245620
  kits:
    bouffe: 1457290572513
    octonien: 1457287209918
    decouverte: 1457289450902
  lastteleport: 1457298468282
  logout: 1457336514221
  lastheal: 1457336440924
ipAddress: 92.155.67.242
lastlocation:
  world: world
  x: 7384.53512471114
  y: 63.5
  z: 3882.8969093793107
  yaw: 21.394104
  pitch: 12.291557
homes:
  home:
    world: world
    x: 7383.237646791334
    y: 64.0
    z: 3878.300000011921
    yaw: 41.10015
    pitch: 24.811792
logoutlocation:
  world: world
  x: 5547.309712885604
  y: 43.0
  z: 1391.3410075791364
  yaw: 308.37585
  pitch: 11.395805
money: '1030.405'
