uuid: b868ca82-80aa-3865-9129-8e76bec5bbeb
timestamps:
  login: 1456416120264
  logout: 1456416154404
ipAddress: 89.158.37.139
lastlocation:
  world: world
  x: -3.5
  y: 186.0
  z: 4.5
  yaw: 0.0
  pitch: 0.0
logoutlocation:
  world: world
  x: -13.355111300241994
  y: 192.0
  z: -20.801876669352954
  yaw: -144.21701
  pitch: 8.083596
