timestamps:
  login: 1455116894979
  kits:
    bouffe: 1455116939275
    octonien: 1455116934734
  lastteleport: 1455116953699
  logout: 1455116992100
ipAddress: 90.7.222.183
lastlocation:
  world: world
  x: -0.5
  y: 190.5
  z: 0.5
  yaw: -211.64047
  pitch: -2.1000094
logoutlocation:
  world: world
  x: 143.74749404600922
  y: 37.0
  z: 496.12812068987915
  yaw: -283.6405
  pitch: 25.049997
