uuid: 5a1d561e-858e-33f7-a3f2-70de350be004
timestamps:
  login: 1456834844617
  kits:
    bouffe: 1456779666443
    octonien: 1456776301031
    decouverte: 1456777101903
  lastteleport: 1456835906614
  logout: 1456837994851
  lastheal: 1456837416045
ipAddress: 77.144.224.27
lastlocation:
  world: world
  x: 9.78680049019558
  y: 188.0
  z: 56.75373312421384
  yaw: -9.400757
  pitch: -14.252169
logoutlocation:
  world: world
  x: -1841.4766765911309
  y: 3.0
  z: 8643.677121306317
  yaw: 262.3468
  pitch: 36.00003
homes:
  home:
    world: world
    x: 2350.699999988079
    y: 17.0
    z: 1505.337836599626
    yaw: 8.336888
    pitch: 27.750006
money: '166.0'
