uuid: d9fd7fdc-721e-3831-858f-7f8a4cc3317a
timestamps:
  login: 1457035125660
  logout: 1457035290157
ipAddress: 198.144.106.33
lastlocation:
  world: world
  x: 0.5
  y: 190.0
  z: 3.5
  yaw: 0.0
  pitch: 0.0
logoutlocation:
  world: world
  x: 0.5
  y: 190.5
  z: 0.5
  yaw: -357.55096
  pitch: 4.1978226
