timestamps:
  login: 1454950156445
  kits:
    bouffe: 1454950215604
    octonien: 1454950190170
  lastteleport: 1454950276402
ipAddress: 90.51.215.103
lastlocation:
  world: world
  x: 9.14577087776517
  y: 23.5
  z: 0.3520075774541199
  yaw: -92.84057
  pitch: 43.499977
