uuid: 04965dc5-cb46-3439-8ff2-7cabb4cb76e2
timestamps:
  login: 1456749528628
  kits:
    bouffe: 1456751450909
    octonien: 1456746307428
    decouverte: 1456746268728
  logout: 1456752602246
  lastteleport: 1456752480075
  lastheal: 1456752209531
ipAddress: 82.125.148.67
lastlocation:
  world: world
  x: -2425.241103311184
  y: 36.0
  z: -6342.300000011921
  yaw: -94.25473
  pitch: 27.899994
logoutlocation:
  world: world
  x: 3143.699999988079
  y: 6.0
  z: 339.30000001192093
  yaw: 80.789246
  pitch: 9.299988
homes:
  home:
    world: world
    x: -2420.9101633633577
    y: 42.0
    z: -6344.06690777161
    yaw: 267.51215
    pitch: 11.550072
money: '19608.00'
