timestamps:
  login: 1455614864332
  kits:
    octonien: 1455614878745
  mute: 1455632942108
  logout: 1455615528761
ipAddress: 88.141.206.31
lastlocation:
  world: world
  x: 9.5
  y: 189.0
  z: -4.5
  yaw: 0.0
  pitch: 0.0
muted: true
logoutlocation:
  world: world
  x: 1255.5432037896244
  y: 5.0
  z: -1388.300000011921
  yaw: -1.6501977
  pitch: 52.950012
