uuid: 853cb2ab-740b-3246-94c0-4207639f4ab4
timestamps:
  login: 1457290009675
  kits:
    bouffe: 1457194034872
    octonien: 1457289289472
    decouverte: 1457289514113
  lastteleport: 1457289464876
  logout: 1457290255914
  lastheal: 1457289500529
ipAddress: 86.210.250.200
lastlocation:
  world: world
  x: 2751.699999988079
  y: 94.0
  z: -2403.300000011921
  yaw: -73.32938
  pitch: -41.54999
money: '13275.0'
homes:
  home:
    world: world
    x: 690.7820339759473
    y: 5.0
    z: -5100.344041914687
    yaw: 357.01422
    pitch: 50.850006
logoutlocation:
  world: world
  x: 0.2750238295394561
  y: 189.0
  z: -4.098162817069747
  yaw: -283.1508
  pitch: 30.447824
