timestamps:
  login: 1455371757388
  kits:
    octonien: 1455371768252
  logout: 1455372396807
ipAddress: 82.239.10.226
lastlocation:
  world: world
  x: -3.5
  y: 180.0
  z: -3.5
  yaw: 0.0
  pitch: 0.0
logoutlocation:
  world: world
  x: -2789.3208306675515
  y: 11.0
  z: -1758.300000011921
  yaw: 85.05032
  pitch: 46.799988
