timestamps:
  login: 1455280739012
  kits:
    octonien: 1455280755670
  logout: 1455280989464
ipAddress: 109.132.114.247
lastlocation:
  world: world
  x: -6.5
  y: 187.0
  z: 7.5
  yaw: 0.0
  pitch: 0.0
logoutlocation:
  world: world
  x: 1.3478143182553834
  y: 189.0
  z: -3.6469217788277684
  yaw: -174.1405
  pitch: 28.049997
