timestamps:
  login: 1456944159891
  kits:
    bouffe: 1455288505467
    octonien: 1455288317400
  lastteleport: 1455288665657
  logout: 1456944284400
ipAddress: 90.49.250.72
lastlocation:
  world: world
  x: 7.939235610839004
  y: 189.5
  z: -29.735683692493765
  yaw: 55.80951
  pitch: 11.250002
homes:
  home:
    world: world
    x: -2510.828684529826
    y: 67.0
    z: 945.456524084885
    yaw: 40.05915
    pitch: 9.45002
logoutlocation:
  world: world
  x: -2584.8907719585436
  y: 64.0
  z: 950.7863304718175
  yaw: 41.559124
  pitch: 13.49999
uuid: 5202f9b6-223e-3385-ae25-f87d3055d068
