uuid: 84ea11a2-0886-3de9-b5f7-4d2a136755b7
timestamps:
  login: 1456342245961
  logout: 1456342311386
ipAddress: 92.143.129.218
lastlocation:
  world: world
  x: 1.5
  y: 189.0
  z: -3.5
  yaw: 0.0
  pitch: 0.0
logoutlocation:
  world: world
  x: -9.90719258705426
  y: 189.0
  z: 1.1642509896597035
  yaw: -276.94916
  pitch: 24.207733
