socialspy: false
timestamps:
  login: 1454783923573
  logout: 1454783939803
ipAddress: 78.126.68.186
lastlocation:
  world: world
  x: -0.05640325665323345
  y: 191.0
  z: 0.06084168811078994
  yaw: -178.79053
  pitch: 16.049873
logoutlocation:
  world: world
  x: -0.05640325665323344
  y: 191.0
  z: 0.06084168811078994
  yaw: -178.64053
  pitch: 16.049873
