timestamps:
  login: 1455303180359
  logout: 1455303199765
ipAddress: 93.11.65.89
lastlocation:
  world: world
  x: 2.5
  y: 189.0
  z: 4.5
  yaw: 0.0
  pitch: 0.0
logoutlocation:
  world: world
  x: 1.2673800056944753
  y: 190.5
  z: -0.8928204979322873
  yaw: -113.71297
  pitch: 63.180645
