timestamps:
  login: 1455627497554
  kits:
    octonien: 1455627515957
  logout: 1455628269129
ipAddress: 88.219.252.159
lastlocation:
  world: world
  x: 3.5
  y: 186.0
  z: -4.5
  yaw: 0.0
  pitch: 0.0
logoutlocation:
  world: world
  x: 15.868328561684594
  y: 189.0
  z: 14.185199336007376
  yaw: 126.13702
  pitch: -8.550002
