timestamps:
  login: 1455037843400
  kits:
    octonien: 1455037322097
  lastteleport: 1455038371167
  logout: 1455038581154
ipAddress: 109.210.135.126
lastlocation:
  world: world
  x: 2637.300000011921
  y: 5.0
  z: -1024.699999988079
  yaw: -299.85547
  pitch: -5.84998
logoutlocation:
  world: world
  x: -443.7146144104422
  y: 20.0
  z: -934.5654883347593
  yaw: 124.25563
  pitch: -4.650016
