timestamps:
  login: 1455470227707
  kits:
    octonien: 1455470260986
  logout: 1455470296528
ipAddress: 82.225.34.226
lastlocation:
  world: world
  x: -2.5
  y: 189.0
  z: 7.5
  yaw: 0.0
  pitch: 0.0
logoutlocation:
  world: world
  x: 6.229908442128777
  y: 187.0
  z: -60.64447276355511
  yaw: -173.26295
  pitch: 13.530642
