timestamps:
  login: 1455371345300
  kits:
    octonien: 1455371374303
  lastteleport: 1455371648529
  logout: 1455372444489
ipAddress: 92.146.105.24
lastlocation:
  world: world
  x: -16.300000011920936
  y: 188.0
  z: -63.69999998807907
  yaw: 312.43756
  pitch: 64.34998
logoutlocation:
  world: world
  x: 34.42963560036135
  y: 56.0
  z: -151.2147317472211
  yaw: -62.862488
  pitch: 29.999994
