uuid: 27bcfadf-178e-339a-9c75-83464b7ab687
timestamps:
  login: 1457029763772
  logout: 1457030445026
  kits:
    bouffe: 1456315787543
    octonien: 1457029486784
  lastteleport: 1457029997472
ipAddress: 88.189.39.137
lastlocation:
  world: world
  x: 0.5579067377412654
  y: 55.0
  z: 34.93669935500897
  yaw: 198.19775
  pitch: 6.2977448
homes:
  home:
    world: world
    x: 1011.0410997031129
    y: 5.0
    z: -3416.596955975877
    yaw: -70.66476
    pitch: 26.657621
ignore:
- roccosi_serka
logoutlocation:
  world: world
  x: 17.10462216112864
  y: 191.5
  z: -5.428137732481531
  yaw: -13.751065
  pitch: -20.102177
godmode: true
