timestamps:
  login: 1455121335605
  logout: 1455121637546
ipAddress: 88.180.229.66
lastlocation:
  world: world
  x: -7.5
  y: 189.0
  z: 3.5
  yaw: 0.0
  pitch: 0.0
logoutlocation:
  world: world
  x: -0.5
  y: 190.5
  z: 0.5
  yaw: -180.44048
  pitch: 81.74999
