timestamps:
  login: 1455642475117
  kits:
    bouffe: 1455642590188
    octonien: 1455642487303
  logout: 1455643166172
ipAddress: 82.244.241.54
lastlocation:
  world: world
  x: -10.5
  y: 189.0
  z: 2.5
  yaw: 0.0
  pitch: 0.0
logoutlocation:
  world: world
  x: -1812.699999988079
  y: 11.0
  z: -1838.1280564586514
  yaw: -262.64987
  pitch: 12.300025
