timestamps:
  login: 1456927451624
  logout: 1456927471428
ipAddress: 80.118.51.225
lastlocation:
  world: world
  x: 3.5
  y: 187.0
  z: -5.5
  yaw: 0.0
  pitch: 0.0
logoutlocation:
  world: world
  x: 1.6497905375818762
  y: 190.0
  z: -1.8998268005496994
  yaw: -196.6626
  pitch: 24.03063
uuid: f44cdd1e-a073-3d9d-820e-aab0e4390702
