timestamps:
  login: 1455815334462
  logout: 1455815357307
ipAddress: 90.8.111.56
lastlocation:
  world: world
  x: -9.5
  y: 189.0
  z: 5.5
  yaw: 0.0
  pitch: 0.0
logoutlocation:
  world: world
  x: -0.046316805927439586
  y: 190.5
  z: -0.6059261217460994
  yaw: -180.18245
  pitch: 15.35386
uuid: 09ffb6bf-fb70-367e-932c-822c72c0bc19
