uuid: 40c62a49-a356-3e75-9a94-dfbf74d1080a
timestamps:
  login: 1457303931807
  kits:
    bouffe: 1457308131838
    octonien: 1457303984718
  logout: 1457310635662
  lastteleport: 1457310392643
  mute: 1457310793488
ipAddress: 109.129.234.92
lastlocation:
  world: world
  x: 3921.1697692682505
  y: 248.875
  z: 7660.423709425317
  yaw: 91.613434
  pitch: -3.7500803
logoutlocation:
  world: world
  x: 3.078200778089345
  y: 190.0
  z: 0.2942744684357676
  yaw: -12.250793
  pitch: 32.097816
money: '1.0'
muted: true
homes:
  home:
    world: world
    x: 3919.5
    y: 248.90199999809266
    z: 7658.5
    yaw: 4.6135235
    pitch: 46.649918
