uuid: e83e6c31-d4e8-3dbb-a15f-e59d77223a1c
timestamps:
  login: 1457218005777
  lastteleport: 1457218042265
  kits:
    bouffe: 1456247272411
    octonien: 1456383469087
    decouverte: 1456473412242
  logout: 1457218191264
  lastheal: 1456512754055
ipAddress: 83.155.20.193
lastlocation:
  world: world
  x: 2786.4400866748997
  y: 64.0
  z: 1704.9068329625218
  yaw: -50.099854
  pitch: 13.199991
logoutlocation:
  world: world
  x: 12.506770421362875
  y: 189.0
  z: -14.863563926164682
  yaw: -239.35046
  pitch: 20.097828
homes:
  home:
    world: world
    x: 2787.237500011921
    y: 62.0
    z: 1702.699999988079
    yaw: 251.40013
    pitch: 44.24999
money: '2525.95'
