uuid: dccf8420-4b14-34de-ab0a-2736d8bdb987
timestamps:
  login: 1455788760213
  logout: 1455789791872
ipAddress: 82.233.71.163
lastlocation:
  world: world
  x: 5.5
  y: 189.0
  z: 1.5
  yaw: 0.0
  pitch: 0.0
logoutlocation:
  world: world
  x: 5.969392032114957
  y: 189.0
  z: -15.899654059229167
  yaw: 200.21387
  pitch: 6.8296647
