timestamps:
  login: 1455033473118
  kits:
    octonien: 1455033177395
  logout: 1455033500203
ipAddress: 83.198.134.9
lastlocation:
  world: world
  x: -0.5
  y: 189.0
  z: 9.5
  yaw: 0.0
  pitch: 0.0
logoutlocation:
  world: world
  x: 856.4764773969042
  y: 71.0
  z: 87.62934781349234
  yaw: -87.970924
  pitch: -0.71564037
