timestamps:
  login: 1455371281341
  kits:
    bouffe: 1455359331790
    octonien: 1455359300517
  logout: 1455372138034
ipAddress: 77.148.67.167
lastlocation:
  world: world
  x: 9.5
  y: 189.0
  z: -3.5
  yaw: 0.0
  pitch: 0.0
logoutlocation:
  world: world
  x: 4259.699999988079
  y: 34.0
  z: 258.30000001192093
  yaw: 261.1587
  pitch: 69.600044
