uuid: ffce4249-989a-337a-b0dc-6cdeb85e94e6
timestamps:
  login: 1457100446291
  kits:
    bouffe: 1457103738673
    octonien: 1457100522023
    decouverte: 1457100508614
  lastteleport: 1457105701755
  logout: 1457106255274
  lastheal: 1457105987015
ipAddress: 90.45.170.126
lastlocation:
  world: world
  x: 2.1097697284338315
  y: 190.875
  z: 2.2046655579789833
  yaw: -184.90076
  pitch: 14.849997
homes:
  home:
    world: world
    x: -5939.192791048654
    y: 63.0
    z: -731.9641999365164
    yaw: -267.2284
    pitch: 21.749956
logoutlocation:
  world: world
  x: -8643.532148181725
  y: 121.0
  z: 2812.699999988079
  yaw: -185.1416
  pitch: 52.799984
money: '756.75'
