socialspy: false
timestamps:
  login: 1454869434185
  lastteleport: 1454869583830
  kits:
    bouffe: 1454790714217
    octonien: 1454864656064
  logout: 1454869685639
ipAddress: 82.233.28.214
lastlocation:
  world: world
  x: 16.370097403265163
  y: 64.0
  z: -284.5629169048776
  yaw: 204.9552
  pitch: 16.193642
logoutlocation:
  world: world
  x: 4800.699999988079
  y: 81.0
  z: 1428.3608043177696
  yaw: 271.0835
  pitch: 4.3864317
homes:
  home:
    world: world
    x: -3365.5874510026124
    y: 81.0
    z: -2080.415227254577
    yaw: 6.432048
    pitch: 14.07616
