timestamps:
  login: 1455406326773
  kits:
    octonien: 1455406337496
  logout: 1455406413294
ipAddress: 92.94.208.42
lastlocation:
  world: world
  x: -6.5
  y: 186.0
  z: 5.5
  yaw: 0.0
  pitch: 0.0
logoutlocation:
  world: world
  x: 4.815054452983645
  y: 189.0
  z: 0.041411576497593916
  yaw: 266.08694
  pitch: 21.180637
