socialspy: false
timestamps:
  login: 1455144698759
  kits:
    bouffe: 1455050443500
    octonien: 1454961984048
    decouverte: 1455141191681
  lastteleport: 1455143764103
  logout: 1455145574863
  lastheal: 1455145484125
ipAddress: 90.19.118.162
lastlocation:
  world: world
  x: 40.241131343056566
  y: 187.0
  z: -10.934315747040488
  yaw: 261.76596
  pitch: 39.303444
logoutlocation:
  world: world
  x: -6995.645110038627
  y: 6.0
  z: 1833.967119698928
  yaw: 23.795898
  pitch: 13.814019
money: '1745.30'
homes:
  home:
    world: world
    x: -3720.504733882137
    y: 42.0
    z: 135.25384707574128
    yaw: 314.89368
    pitch: -1.5322363
