timestamps:
  login: 1455287175737
  logout: 1455287277164
ipAddress: 93.4.190.159
lastlocation:
  world: world
  x: -0.5
  y: 189.0
  z: 7.5
  yaw: 0.0
  pitch: 0.0
logoutlocation:
  world: world
  x: 3.1883318325669907
  y: 189.0
  z: -27.97689701469577
  yaw: -111.14044
  pitch: 5.249999
