uuid: f6a2af3d-d31a-385a-9b81-11df76781f74
timestamps:
  login: 1456143563254
  kits:
    octonien: 1456143590091
  lastteleport: 1456143819962
  logout: 1456143861340
ipAddress: 89.80.249.196
lastlocation:
  world: world
  x: -18.247324569629555
  y: 193.0
  z: -19.917821565618116
  yaw: 178.45087
  pitch: 10.407733
logoutlocation:
  world: world
  x: 33.32836035011953
  y: 189.5
  z: 8.811922300775626
  yaw: -67.69916
  pitch: 34.557735
