timestamps:
  login: 1454775231624
  logout: 1454775253325
ipAddress: 89.156.23.181
lastlocation:
  world: world
  x: 1.5
  y: 189.0
  z: -5.5
  yaw: 0.0
  pitch: 0.0
logoutlocation:
  world: world
  x: -15.775427246604629
  y: 188.0
  z: -19.300000011920933
  yaw: -32.412018
  pitch: 11.573361
