uuid: 6ce65513-8346-3a27-b48a-2754d34053ac
timestamps:
  login: 1457277303270
  lastteleport: 1457283979098
  kits:
    bouffe: 1457283592667
    octonien: 1457181345164
    decouverte: 1457181363834
  logout: 1457283986642
  lastheal: 1457283334523
ipAddress: 2.14.210.99
lastlocation:
  world: world
  x: -9.942533887164041
  y: 27.0
  z: 89.18801984846635
  yaw: -207.19493
  pitch: 53.5478
money: '1535.200'
logoutlocation:
  world: world
  x: 6963.5
  y: 201.875
  z: 1896.5
  yaw: -272.8501
  pitch: 33.600006
homes:
  home:
    world: world
    x: 6963.492398132821
    y: 201.875
    z: 1896.4323474439357
    yaw: -275.2501
    pitch: 81.15
