uuid: 87acea32-154d-3de3-8851-638670ec7ad1
timestamps:
  login: 1456224816687
  lastteleport: 1456224098404
  logout: 1456225054645
ipAddress: 89.91.212.124
lastlocation:
  world: world
  x: 138.60251816994855
  y: 64.0
  z: -93.98689168244888
  yaw: -11.448517
  pitch: 17.84999
logoutlocation:
  world: world
  x: 1.790888869381058
  y: 177.0
  z: 4.402076140552176
  yaw: -178.84912
  pitch: 23.907742
