uuid: e9aaa647-8ab6-3dae-82be-b47e3dc0fe65
timestamps:
  login: 1456077119317
  kits:
    bouffe: 1456077166196
    octonien: 1456077162521
  lastteleport: 1456077639804
  logout: 1456077664042
ipAddress: 24.201.25.90
lastlocation:
  world: world
  x: -5.753510759641612
  y: 189.0
  z: 0.06745572062008182
  yaw: -109.89031
  pitch: 18.864683
logoutlocation:
  world: world
  x: -0.14090013897333264
  y: 190.5
  z: 0.48611282218956364
  yaw: -270.64917
  pitch: 22.857735
