timestamps:
  login: 1455436300277
  logout: 1455436350578
ipAddress: 176.189.229.87
lastlocation:
  world: world
  x: -4.5
  y: 189.0
  z: -8.5
  yaw: 0.0
  pitch: 0.0
logoutlocation:
  world: world
  x: 15.971964008056183
  y: 189.0
  z: -13.972967916590603
  yaw: -153.7629
  pitch: 13.830659
