timestamps:
  login: 1454959862444
  logout: 1454960019357
ipAddress: 93.21.54.220
lastlocation:
  world: world
  x: -5.5
  y: 185.0
  z: -6.5
  yaw: 0.0
  pitch: 0.0
logoutlocation:
  world: world
  x: 0.3823814106960552
  y: 189.5
  z: -3.884786151563793
  yaw: -178.78882
  pitch: 17.099874
