timestamps:
  login: 1454959180153
  kits:
    octonien: 1454959235477
  logout: 1454959640443
ipAddress: 82.244.57.244
lastlocation:
  world: world
  x: 7.5
  y: 187.0
  z: -2.5
  yaw: 0.0
  pitch: 0.0
logoutlocation:
  world: world
  x: 2.048946484306793
  y: 187.0
  z: 71.04500391270574
  yaw: -186.9143
  pitch: 27.351088
