timestamps:
  login: 1454945679274
  logout: 1454945730235
ipAddress: 82.251.22.212
lastlocation:
  world: world
  x: -8.5
  y: 189.0
  z: 0.5
  yaw: 0.0
  pitch: 0.0
logoutlocation:
  world: world
  x: -0.05640325665323344
  y: 191.0
  z: 0.06084168811078994
  yaw: -202.19052
  pitch: 34.64988
