timestamps:
  login: 1455555844243
  lastteleport: 1455555927707
  logout: 1455556232415
ipAddress: 90.8.27.187
lastlocation:
  world: world
  x: 0.13290549874023327
  y: 190.5
  z: 0.6625334700997322
  yaw: -180.76297
  pitch: 70.230644
logoutlocation:
  world: world
  x: 2948.426833686661
  y: 73.0
  z: -75.46249081543368
  yaw: -128.34074
  pitch: 21.44996
