timestamps:
  login: 1455111378015
  logout: 1455111696528
ipAddress: 78.202.117.19
lastlocation:
  world: world
  x: -3.5
  y: 189.0
  z: 8.5
  yaw: 0.0
  pitch: 0.0
logoutlocation:
  world: world
  x: -17.15936302122602
  y: 189.0
  z: -6.854459875581142
  yaw: -215.96442
  pitch: 11.980275
