timestamps:
  login: 1454942749273
  kits:
    octonien: 1454942764778
  logout: 1454942897318
ipAddress: 109.208.235.166
lastlocation:
  world: world
  x: -6.5
  y: 189.0
  z: -1.5
  yaw: 0.0
  pitch: 0.0
logoutlocation:
  world: world
  x: 21.75691041760854
  y: 189.0
  z: -11.977984040665465
  yaw: 295.95953
  pitch: -6.450118
