timestamps:
  login: 1455314977929
  logout: 1455315284143
ipAddress: 81.245.17.91
lastlocation:
  world: world
  x: -9.5
  y: 189.0
  z: -8.5
  yaw: 0.0
  pitch: 0.0
logoutlocation:
  world: world
  x: -0.010138867225948478
  y: 189.0
  z: -6.508419724343183
  yaw: -194.11298
  pitch: 1.0806439
