uuid: e5c8cf19-7111-340a-b068-bde4be32f271
timestamps:
  login: 1457109146918
  lastteleport: 1457109532723
  kits:
    bouffe: 1455904800046
    octonien: 1457107912743
    xp: 1457108790485
    decouverte: 1457107484202
  logout: 1457109879678
ipAddress: 86.210.91.186
lastlocation:
  world: world
  x: -4310.490712368092
  y: 5.0
  z: 7116.238214918516
  yaw: -51.041462
  pitch: 27.750046
homes:
  home:
    world: world
    x: -5666.3122175947965
    y: 5.0
    z: 8212.712635575796
    yaw: 6.816166
    pitch: 25.949957
logoutlocation:
  world: world
  x: -5665.495549689351
  y: 5.0
  z: 8221.99007847087
  yaw: 165.51642
  pitch: 37.349964
money: '28.0'
