timestamps:
  login: 1457276853229
  kits:
    bouffe: 1457276400310
    octonien: 1457276403112
    decouverte: 1457276396362
  lastteleport: 1457277480174
  logout: 1457278017700
  lastheal: 1457166192724
ipAddress: 78.215.188.78
lastlocation:
  world: world
  x: -2220.7281745135865
  y: 33.0
  z: -9469.664726915737
  yaw: 184.9112
  pitch: 9.791954
logoutlocation:
  world: world
  x: -9339.301539767972
  y: 11.0
  z: -606.5463945639912
  yaw: 149.53079
  pitch: 16.410004
homes:
  home:
    world: world
    x: -2219.9656422875723
    y: 33.0
    z: -9474.490696296307
    yaw: 188.91234
    pitch: 31.211899
uuid: 18b2d300-6fd7-3712-a496-a82dd097ced2
money: '6032.0'
