uuid: 6480b762-2ae2-33c1-804c-27209b94e023
timestamps:
  login: 1457031078292
  logout: 1457031151610
ipAddress: 81.250.60.139
lastlocation:
  world: world
  x: -2.5
  y: 193.0
  z: -2.5
  yaw: 0.0
  pitch: 0.0
logoutlocation:
  world: world
  x: 23.16281708708975
  y: 188.0
  z: 9.300000011920933
  yaw: -237.89928
  pitch: 9.296239
