socialspy: false
timestamps:
  login: 1454866166330
  logout: 1454866391733
  kits:
    octonien: 1454866332867
ipAddress: 90.61.81.176
lastlocation:
  world: world
  x: -0.05640325665323345
  y: 191.0
  z: 0.06084168811078994
  yaw: -178.79053
  pitch: 16.049873
logoutlocation:
  world: world
  x: 18.00507019047729
  y: 189.0
  z: -7.952736308438018
  yaw: -223.9405
  pitch: 4.7998877
