timestamps:
  login: 1455733302823
  logout: 1455733322018
ipAddress: 88.180.17.185
lastlocation:
  world: world
  x: 6.5
  y: 187.0
  z: -3.5
  yaw: 0.0
  pitch: 0.0
logoutlocation:
  world: world
  x: -0.5
  y: 190.5
  z: 0.5
  yaw: -358.23306
  pitch: 6.829597
