timestamps:
  login: 1455048769584
  kits:
    bouffe: 1455048981445
    octonien: 1455048777052
  logout: 1455049618897
  lastteleport: 1455049608427
ipAddress: 86.192.9.125
lastlocation:
  world: world
  x: -8778.307383766125
  y: 82.0
  z: -4745.8161244430485
  yaw: 198.95282
  pitch: 5.1439233
homes:
  home:
    world: world
    x: -8775.803732415556
    y: 82.0
    z: -4750.865080935206
    yaw: 202.95378
    pitch: 14.790887
logoutlocation:
  world: world
  x: -0.5
  y: 190.5
  z: 0.5
  yaw: -193.64049
  pitch: 77.100006
money: '47.0'
