timestamps:
  login: 1456352408854
  kits:
    bouffe: 1455318580358
    octonien: 1456353416000
    decouverte: 1455662778251
  lastteleport: 1456353403392
  lastheal: 1455911536392
  logout: 1456353705734
ipAddress: 82.237.63.162
lastlocation:
  world: world
  x: 198.78224224670134
  y: 73.0
  z: 6934.291687293455
  yaw: 186.42896
  pitch: 40.126892
homes:
  home:
    world: world
    x: -2211.1339648308717
    y: 10.0
    z: 9694.078961686531
    yaw: 160.16599
    pitch: 39.713806
logoutlocation:
  world: world
  x: 201.4969436738382
  y: 72.0
  z: 6929.300000011921
  yaw: 357.04462
  pitch: 41.899597
money: '80.97'
uuid: f4e428cd-ea6b-3f06-bae8-a075f90b0f85
