uuid: 7cbb72d6-51f7-3291-b6bf-d3284e72d309
timestamps:
  login: 1456751960548
  kits:
    bouffe: 1456752228989
    octonien: 1456746531978
    decouverte: 1456746459654
  logout: 1456752762392
  lastteleport: 1456752625306
  lastheal: 1456752501888
ipAddress: 77.146.250.140
lastlocation:
  world: world
  x: -30.86051036809334
  y: 23.0
  z: 66.62800439212926
  yaw: 15.414551
  pitch: -10.419534
logoutlocation:
  world: world
  x: -2417.425000011921
  y: 38.56310294344972
  z: -6343.425501198459
  yaw: 275.61353
  pitch: -33.75001
homes:
  home:
    world: world
    x: -2418.6320893322622
    y: 36.0
    z: -6343.766267187205
    yaw: 41.91388
    pitch: 27.14978
money: '16388.0'
