uuid: 15f10434-52fa-3f21-a22c-3267d248ea59
timestamps:
  login: 1455756702412
  kits:
    octonien: 1455756729071
  logout: 1455757049501
ipAddress: 96.20.74.148
lastlocation:
  world: world
  x: -9.5
  y: 189.0
  z: 1.5
  yaw: 0.0
  pitch: 0.0
logoutlocation:
  world: world
  x: 2.2147342782835535
  y: 191.0
  z: -1.7989169177928597
  yaw: 215.6667
  pitch: 42.750103
