socialspy: false
timestamps:
  login: 1454841282955
  kits:
    octonien: 1454841429128
  lastteleport: 1454841613579
  logout: 1454841861035
ipAddress: 89.86.75.115
lastlocation:
  world: world
  x: 77.21188063849426
  y: 25.0
  z: -109.735907883801
  yaw: 56.10791
  pitch: -0.45003447
