timestamps:
  login: 1454774124207
  logout: 1454774153409
ipAddress: 90.35.103.103
lastlocation:
  world: world
  x: -10.5
  y: 189.0
  z: 5.5
  yaw: 0.0
  pitch: 0.0
logoutlocation:
  world: world
  x: -0.05640325665323344
  y: 191.0
  z: 0.06084168811078994
  yaw: -178.79053
  pitch: 16.049873
