uuid: 35a97cb2-d753-3f31-97c0-74d247a2e873
timestamps:
  login: 1457196642963
  kits:
    bouffe: 1457108358440
    octonien: 1457197331230
    decouverte: 1457182180546
  lastteleport: 1457193527837
  logout: 1457197486419
  lastheal: 1457196975658
ipAddress: 78.241.36.220
lastlocation:
  world: world
  x: -0.5662456685791837
  y: 190.0
  z: -1.9800168191520071
  yaw: -286.0575
  pitch: 27.455477
money: '50.5'
homes:
  home:
    world: world
    x: -1886.6437737015135
    y: 124.0
    z: -7520.614987336578
    yaw: -120.240746
    pitch: -59.999992
logoutlocation:
  world: world
  x: 7.174638613167418
  y: 189.0
  z: -14.448064482230299
  yaw: -218.35034
  pitch: 32.847847
