timestamps:
  login: 1454775225024
  logout: 1454775253325
ipAddress: 88.228.254.107
lastlocation:
  world: world
  x: -8.5
  y: 189.0
  z: 1.5
  yaw: 0.0
  pitch: 0.0
logoutlocation:
  world: world
  x: -0.05640325665323345
  y: 191.0
  z: 0.06084168811078994
  yaw: -178.79053
  pitch: 16.049873
