uuid: 879651ac-e41a-30bf-9895-f42d5ecaaf78
timestamps:
  login: 1456843522531
  logout: 1456844041156
ipAddress: 77.129.138.2
lastlocation:
  world: world
  x: 0.5
  y: 191.0
  z: 1.5
  yaw: 0.0
  pitch: 0.0
logoutlocation:
  world: world
  x: 1110.5
  y: 64.0
  z: 1641.5
  yaw: 33.208252
  pitch: 24.457424
