uuid: 3cd0f2cb-682f-398b-b608-d588b90398e6
timestamps:
  login: 1456171220344
  lastteleport: 1456171547526
  logout: 1456171636475
ipAddress: 88.219.21.20
lastlocation:
  world: world
  x: 6866.1091113263465
  y: 25.75
  z: 434.37344357083714
  yaw: 159.1897
  pitch: 39.10857
homes:
  home:
    world: world
    x: 9168.786942709154
    y: 13.0
    z: 979.6729297862537
    yaw: 251.95354
    pitch: 6.952077
logoutlocation:
  world: world
  x: 9167.631399792825
  y: 13.0
  z: 978.1017776509664
  yaw: -309.1888
  pitch: 28.131079
