timestamps:
  login: 1455660819387
  kits:
    bouffe: 1455660860659
    octonien: 1455660844959
  logout: 1455661004528
ipAddress: 83.113.91.185
lastlocation:
  world: world
  x: -5.5
  y: 189.0
  z: -8.5
  yaw: 0.0
  pitch: 0.0
logoutlocation:
  world: world
  x: 9.657124876919674
  y: 22.5
  z: 35.38056136462962
  yaw: -240.78302
  pitch: 1.7295856
