timestamps:
  login: 1456176839342
  kits:
    octonien: 1455652422024
  logout: 1456177504515
ipAddress: 82.245.65.250
lastlocation:
  world: world
  x: -10.5
  y: 189.0
  z: -3.5
  yaw: 0.0
  pitch: 0.0
logoutlocation:
  world: world
  x: 4049.0249681459018
  y: 13.0
  z: 1386.6184471088002
  yaw: -113.68243
  pitch: 16.291765
uuid: f44ad438-1f47-3722-a1cd-277b1ea227a0
