socialspy: false
timestamps:
  login: 1457259857826
  logout: 1457260075617
  kits:
    bouffe: 1457026078961
    octonien: 1457259911027
    decouverte: 1457026096878
  lastteleport: 1457260038918
  lastheal: 1457026172370
  mute: 0
ipAddress: 90.39.197.122
lastlocation:
  world: world
  x: 3357.699999988079
  y: 5.0
  z: -2246.300000011921
  yaw: -313.96692
  pitch: 20.69998
logoutlocation:
  world: world
  x: 1930.699999988079
  y: 75.5
  z: -2812.699999988079
  yaw: 46.079582
  pitch: 16.199993
homes:
  home:
    world: world
    x: 1931.4796154192413
    y: 74.5
    z: -2811.94476454834
    yaw: 99.02955
    pitch: 0.45000246
money: '15133.7'
uuid: e1dec22d-bbfd-3abd-b99f-899859f6ccf6
muted: false
