timestamps:
  login: 1455196298507
  logout: 1455197495876
ipAddress: 78.129.63.164
lastlocation:
  world: world
  x: 2.5
  y: 189.0
  z: 7.5
  yaw: 0.0
  pitch: 0.0
logoutlocation:
  world: world
  x: 0.07897818369397273
  y: 189.0
  z: -12.02716359844393
  yaw: -1.9396973
  pitch: 24.75009
