socialspy: false
timestamps:
  login: 1454890371997
  logout: 1454890380577
  kits:
    bouffe: 1454884514766
    octonien: 1454884447099
ipAddress: 176.148.60.57
lastlocation:
  world: world
  x: -0.05640325665323345
  y: 191.0
  z: 0.06084168811078994
  yaw: -178.79053
  pitch: 16.049873
logoutlocation:
  world: world
  x: -0.05640325665323344
  y: 191.0
  z: 0.06084168811078994
  yaw: -178.84677
  pitch: 15.543619
