timestamps:
  login: 1455285968044
  kits:
    bouffe: 1455286872946
    octonien: 1455286040267
  logout: 1455288753108
ipAddress: 90.57.36.164
lastlocation:
  world: world
  x: -4.5
  y: 186.0
  z: 6.5
  yaw: 0.0
  pitch: 0.0
logoutlocation:
  world: world
  x: 2285.5236642244
  y: 5.0
  z: 1770.8239960909632
  yaw: -179.69038
  pitch: 22.949999
