uuid: 01840de5-1c36-3819-b5ac-686a07f3dc35
timestamps:
  login: 1456417674799
  kits:
    octonien: 1456417700705
  lastteleport: 1456417941092
  logout: 1456418041439
ipAddress: 82.229.82.108
lastlocation:
  world: world
  x: 1911.7221373912648
  y: 73.0
  z: -1034.300000011921
  yaw: 134.55005
  pitch: 41.999992
logoutlocation:
  world: world
  x: -0.14090013897333264
  y: 190.5
  z: 0.48611282218956364
  yaw: -270.64917
  pitch: 22.857735
