socialspy: false
timestamps:
  login: 1454816483540
  logout: 1454816495041
ipAddress: 85.27.100.226
lastlocation:
  world: world
  x: -0.05640325665323345
  y: 191.0
  z: 0.06084168811078994
  yaw: -178.79053
  pitch: 16.049873
logoutlocation:
  world: world
  x: -0.05640325665323344
  y: 191.0
  z: 0.06084168811078994
  yaw: -178.64053
  pitch: 16.199873
