socialspy: false
timestamps:
  login: 1454816347141
  kits:
    bouffe: 1454816367246
    octonien: 1454816360745
  lastteleport: 1454816390541
  logout: 1454816410041
ipAddress: 85.27.100.226
lastlocation:
  world: world
  x: -0.03651250275166984
  y: 190.0
  z: -2.471332063556566
  yaw: -174.89053
  pitch: 13.049873
logoutlocation:
  world: world
  x: 3220.237500011921
  y: 247.0
  z: -121.85406608387211
  yaw: 240.0084
  pitch: 24.900005
