socialspy: false
timestamps:
  login: 1454864081929
  kits:
    bouffe: 1454864294596
    octonien: 1454864166509
  logout: 1454867589989
  lastteleport: 1454867321614
ipAddress: 90.37.164.215
lastlocation:
  world: world
  x: 221.7532859151384
  y: 40.0
  z: 3889.4375749868623
  yaw: 151.77628
  pitch: 46.949997
homes:
  home:
    world: world
    x: 71.54272051062883
    y: 28.0
    z: 1133.3540369922957
    yaw: 120.44107
    pitch: 33.29992
logoutlocation:
  world: world
  x: 221.94977372815177
  y: 40.0
  z: 3889.810162716122
  yaw: 217.47632
  pitch: 60.9
ban:
  reason: Banni temporairement du serveur pour 10 heures.
  timeout: 1454903604191
