uuid: e9a4a6ff-63d4-36c0-956d-dffa7d3a6686
timestamps:
  login: 1457014635615
  kits:
    bouffe: 1457014653636
    octonien: 1457014644838
  logout: 1457015047365
  lastteleport: 1457014737775
ipAddress: 83.153.31.112
lastlocation:
  world: world
  x: 2.3120330371897237
  y: 188.0
  z: 23.26924464487391
  yaw: -128.27533
  pitch: 6.0662336
homes:
  home:
    world: world
    x: 188.22456074691684
    y: 75.0
    z: -374.2410966848537
    yaw: -220.84454
    pitch: 15.492439
logoutlocation:
  world: world
  x: 188.22456074691684
  y: 75.0
  z: -374.2410966848537
  yaw: -220.84454
  pitch: 15.492439
