timestamps:
  login: 1455632887703
  lastteleport: 1455574102523
  kits:
    bouffe: 1455570710516
    octonien: 1455570537805
  logout: 1455632915299
ipAddress: 77.150.39.172
lastlocation:
  world: world
  x: 62.47871534476527
  y: 28.0
  z: 96.29626779080132
  yaw: -166.21252
  pitch: 33.22042
logoutlocation:
  world: world
  x: -663.0994114097088
  y: 16.0
  z: -1371.8454262895623
  yaw: -143.01797
  pitch: 16.273502
