timestamps:
  login: 1455561357291
  kits:
    bouffe: 1455561444863
    octonien: 1455561440460
  lastteleport: 1455562368713
ipAddress: 78.226.156.95
lastlocation:
  world: world
  x: -0.5451850882393666
  y: 190.0
  z: -2.1203905674557184
  yaw: -306.91293
  pitch: 31.830652
