uuid: 856878ba-9972-39df-a0b0-008e17a81319
timestamps:
  login: 1456170138942
  kits:
    bouffe: 1456170358266
    octonien: 1456170168548
  lastteleport: 1456171594529
  logout: 1456172314043
ipAddress: 86.77.127.253
lastlocation:
  world: world
  x: -0.14090013897333264
  y: 190.5
  z: 0.48611282218956364
  yaw: -253.49988
  pitch: 19.120914
logoutlocation:
  world: world
  x: -2.699517203903135
  y: 190.0
  z: -0.36148169993066337
  yaw: -102.025215
  pitch: 8.911389
