timestamps:
  login: 1455288823450
  kits:
    octonien: 1455222174016
  lastteleport: 1455223055828
  logout: 1455289756678
ipAddress: 78.246.223.193
lastlocation:
  world: world
  x: 214.72252312454265
  y: 49.0
  z: 54.8387465250832
  yaw: 51.21277
  pitch: 40.99821
logoutlocation:
  world: world
  x: 1.0008858020336093
  y: 187.0
  z: -66.25409568562966
  yaw: -59.127254
  pitch: -38.21474
