uuid: f2b3a4f2-f9c1-3b2c-95aa-cd854749ddde
timestamps:
  login: 1456144042671
  logout: 1456144051491
ipAddress: 90.3.146.143
lastlocation:
  world: world
  x: -0.5
  y: 190.0
  z: 2.5
  yaw: 0.0
  pitch: 0.0
logoutlocation:
  world: world
  x: 0.9658463357282809
  y: 190.0
  z: -1.6712004815271824
  yaw: -272.59912
  pitch: 21.357735
