uuid: 9a59b7cb-fe3d-336e-9ef1-8028901328db
timestamps:
  login: 1457294017727
  kits:
    bouffe: 1457294554293
    octonien: 1456901813209
    construction: 1457285691551
  logout: 1457295414965
  lastteleport: 1457294385998
  mute: 0
ipAddress: 90.45.119.64
lastlocation:
  world: world
  x: 5.155679033936086
  y: 177.0
  z: -1.8716460368020136
  yaw: 101.296814
  pitch: 78.99486
logoutlocation:
  world: world
  x: -6180.8101032273225
  y: 75.0
  z: 7703.207239688622
  yaw: -102.73187
  pitch: 7.7651396
homes:
  home:
    world: world
    x: -2472.5958363408317
    y: 254.875
    z: -354.3259739975903
    yaw: 24.19028
    pitch: 30.223705
muted: false
