timestamps:
  login: 1455705810177
  kits:
    octonien: 1455705822818
  lastteleport: 1455706129186
  logout: 1455706233608
ipAddress: 83.201.116.41
lastlocation:
  world: world
  x: 2680.442653640131
  y: 16.0
  z: 1183.8986035506873
  yaw: 88.3443
  pitch: 5.5500126
logoutlocation:
  world: world
  x: 3966.057543666292
  y: 66.0
  z: 2195.9425958392026
  yaw: -313.67114
  pitch: 21.449997
