uuid: dd046481-dc58-3999-91f5-1fb28553b777
timestamps:
  login: 1456052078475
  kits:
    bouffe: 1456049527652
    octonien: 1456049480774
  lastteleport: 1456053269146
  logout: 1456053336675
ipAddress: 92.160.254.110
lastlocation:
  world: world
  x: 1577.6320528382346
  y: 56.0
  z: 1611.3687969187295
  yaw: -34.229523
  pitch: 10.276273
logoutlocation:
  world: world
  x: -1.8045418757530678
  y: 190.5
  z: 0.42525964541437455
  yaw: -301.69904
  pitch: 38.007755
homes:
  home:
    world: world
    x: 1796.594940987092
    y: 64.0
    z: 1961.9017848542292
    yaw: -32.384094
    pitch: 30.208
