timestamps:
  login: 1455701308070
  kits:
    bouffe: 1455701469021
    octonien: 1455701450848
  logout: 1455702889929
ipAddress: 90.38.76.129
lastlocation:
  world: world
  x: 5.5
  y: 189.0
  z: -0.5
  yaw: 0.0
  pitch: 0.0
logoutlocation:
  world: world
  x: 3932.0834582833418
  y: 62.37946640986375
  z: -2617.472609138983
  yaw: -42.901955
  pitch: 42.749886
