timestamps:
  login: 1455113170454
  kits:
    bouffe: 1455117989795
    octonien: 1455112019710
  lastteleport: 1455119333747
  logout: 1455120199322
ipAddress: 78.212.188.80
lastlocation:
  world: world
  x: -0.07650790082225645
  y: 190.5
  z: 0.5082654282270697
  yaw: -180.44048
  pitch: 81.74999
logoutlocation:
  world: world
  x: -47.09609559547588
  y: 72.5
  z: -31.33975251587394
  yaw: 39.45923
  pitch: -90.0
