timestamps:
  login: 1455132207302
  logout: 1455132580382
  kits:
    octonien: 1455132276583
ipAddress: 84.72.202.140
lastlocation:
  world: world
  x: -7.5
  y: 187.0
  z: 4.5
  yaw: 0.0
  pitch: 0.0
logoutlocation:
  world: world
  x: -2.949999988079071
  y: 191.0
  z: -1.9499999880790717
  yaw: -253.40636
  pitch: 30.500504
