timestamps:
  login: 1457133488894
  kits:
    heros: 1457133707678
    bouffe: 1457134673441
    octonien: 1457134083518
    chevalier: 1457134045484
    decouverte: 1457134321487
    legendaire: 1457133918921
  logout: 1457134805352
  lastteleport: 1457134697488
  lastheal: 1455410528757
  mute: 0
ipAddress: 2.1.192.7
lastlocation:
  world: world
  x: 3.6989642463338877
  y: 57.45925812921409
  z: 35.21449571586298
  yaw: -134.73639
  pitch: 41.32948
homes:
  home:
    world: world
    x: 1704.9035086094887
    y: 62.0
    z: -3621.9625769487952
    yaw: 73.85336
    pitch: 49.05003
  b:
    world: world
    x: 8219.83933822189
    y: 68.0
    z: 2178.632088645105
    yaw: -84.15009
    pitch: 19.50003
  c:
    world: world
    x: 8218.81087603644
    y: 196.0
    z: 2183.7646558340016
    yaw: -239.25037
    pitch: 58.20003
  d:
    world: world
    x: 5932.091863236154
    y: 56.0
    z: 3887.5486439854612
    yaw: -104.249756
    pitch: 13.949977
  e:
    world: world
    x: 1629.6264752780592
    y: 72.0
    z: -3664.173063938998
    yaw: -185.19539
    pitch: 23.549784
  f:
    world: world
    x: 1622.3568889220246
    y: 71.875
    z: -3677.560066521608
    yaw: -217.89551
    pitch: 24.749771
logoutlocation:
  world: world
  x: -0.33949808655505864
  y: 189.0
  z: 9.405762231636569
  yaw: -20.207886
  pitch: 8.183767
money: '3867.845'
uuid: 27c892a5-0f23-3ada-aa08-4f701cb6235d
muted: false
