timestamps:
  login: 1455896435865
  kits:
    bouffe: 1455480559714
    octonien: 1455478961884
  logout: 1455896787269
ipAddress: 24.122.253.18
lastlocation:
  world: world
  x: 5.5
  y: 186.0
  z: 5.5
  yaw: 0.0
  pitch: 0.0
logoutlocation:
  world: world
  x: -1935.7992217792835
  y: 66.0
  z: -1497.5691524440242
  yaw: 222.03783
  pitch: 5.100003
uuid: 9398373b-78d7-385f-b299-7f30e8537d3a
