timestamps:
  login: 1455549901198
  kits:
    octonien: 1455547718853
  logout: 1455550167580
  lastheal: 1455549801120
ipAddress: 78.219.212.47
lastlocation:
  world: world
  x: 3.5
  y: 189.0
  z: -8.5
  yaw: 0.0
  pitch: 0.0
logoutlocation:
  world: world
  x: -1823.6767424725883
  y: 5.0
  z: 2616.937019239519
  yaw: -5.5908813
  pitch: 36.299995
