timestamps:
  login: 1455487615191
  lastteleport: 1455488215749
  logout: 1455488737229
ipAddress: 198.144.106.6
lastlocation:
  world: world
  x: -15.188924170558423
  y: 188.0
  z: 33.30000001192091
  yaw: -177.46225
  pitch: 7.3806796
logoutlocation:
  world: world
  x: -40.16441624557304
  y: 197.24918707874468
  z: 51.54005057848963
  yaw: 222.17488
  pitch: 13.679296
ban:
  reason: 'Banni : DDOS'
  timeout: 0
