timestamps:
  login: 1455559766418
  kits:
    octonien: 1455559831192
  logout: 1455560593708
ipAddress: 89.88.223.124
lastlocation:
  world: world
  x: -5.5
  y: 189.0
  z: 2.5
  yaw: 0.0
  pitch: 0.0
logoutlocation:
  world: world
  x: -3053.4848995120424
  y: 81.0
  z: -2672.6137872396625
  yaw: -263.39917
  pitch: 66.44997
