timestamps:
  login: 1456779740629
  kits:
    bouffe: 1456749921960
    octonien: 1456704730299
    decouverte: 1456704734402
  logout: 1456781021931
  lastteleport: 1456779781113
  lastheal: 1456780425884
ipAddress: 77.144.224.27
lastlocation:
  world: world
  x: -2.3195931413174646
  y: 190.0
  z: 1.0525334977941003
  yaw: -184.60098
  pitch: 30.89783
logoutlocation:
  world: world
  x: 1110.7727235882446
  y: 16.0
  z: 5539.47852710894
  yaw: 222.72705
  pitch: 21.599987
uuid: 74e5278c-acc7-31d8-a33c-8393e048c910
homes:
  home:
    world: world
    x: -851.8175761581949
    y: 12.5
    z: 9800.278337317348
    yaw: 62.870995
    pitch: 15.532952
money: '9940.00'
