uuid: 832cbeac-c451-36d6-b4d2-0c0c7f71d3ff
timestamps:
  login: 1456362780942
  logout: 1456365971435
ipAddress: 37.162.114.227
lastlocation:
  world: world
  x: -0.5
  y: 191.0
  z: 1.5
  yaw: 0.0
  pitch: 0.0
afk: false
logoutlocation:
  world: world
  x: 13.99162335499016
  y: 189.0
  z: 9.951295300685057
  yaw: -35.78882
  pitch: 28.19981
