timestamps:
  login: 1455486176265
  mute: 0
  lastteleport: 1455487462694
  logout: 1455487766796
ipAddress: 198.144.106.52
lastlocation:
  world: world
  x: 0.7082806446597327
  y: 177.0
  z: 0.5523601117132727
  yaw: -226.66101
  pitch: 15.15004
muted: false
ban:
  reason: 'Banni : Le marteau du bannissement a frappé !'
  timeout: 0
logoutlocation:
  world: world
  x: 2060.755408113264
  y: 122.0
  z: -2973.300000011921
  yaw: -343.0509
  pitch: 31.349955
