timestamps:
  login: 1455656359276
  logout: 1455656487682
ipAddress: 82.242.105.219
lastlocation:
  world: world
  x: 6.5
  y: 189.0
  z: 2.5
  yaw: 0.0
  pitch: 0.0
logoutlocation:
  world: world
  x: 9.05517530154212
  y: 189.0
  z: 11.118055471743707
  yaw: -206.96869
  pitch: -8.524157
