timestamps:
  login: 1455393278513
  lastteleport: 1455394187499
  logout: 1455396402329
ipAddress: 176.149.174.206
lastlocation:
  world: world
  x: 2562.300000011921
  y: 6.0
  z: -1995.389249637436
  yaw: -251.84987
  pitch: 9.450021
logoutlocation:
  world: world
  x: 10.300000011920929
  y: 188.0
  z: -23.308605886440045
  yaw: 217.937
  pitch: -9.119347
