uuid: 94e79872-be04-3060-9f9a-f138324be07e
timestamps:
  login: 1456155170279
  kits:
    bouffe: 1456155242723
    octonien: 1456155207880
  lastteleport: 1456155473808
  logout: 1456155839468
ipAddress: 70.52.12.108
lastlocation:
  world: world
  x: 121.77066961033654
  y: 87.0
  z: -178.88496338352041
  yaw: -155.44913
  pitch: 41.850033
homes:
  home:
    world: world
    x: -6734.3208671250695
    y: 21.0
    z: -982.2189596433115
    yaw: 303.00125
    pitch: 32.699997
logoutlocation:
  world: world
  x: -6737.399355322656
  y: 25.0
  z: -975.8262176908731
  yaw: 163.20294
  pitch: 58.04988
