uuid: e22b5188-e10a-3e04-ac06-711e0bc84806
timestamps:
  login: 1456657952872
  logout: 1456658062455
ipAddress: 83.197.248.142
lastlocation:
  world: world
  x: 0.5
  y: 189.0
  z: -4.5
  yaw: 0.0
  pitch: 0.0
logoutlocation:
  world: world
  x: 20.454982320754283
  y: 189.0
  z: -13.808113574363773
  yaw: -257.90762
  pitch: 14.43047
