uuid: 6688d550-6838-3d2b-b723-d4ddb72d9c2f
timestamps:
  login: 1456936962853
  kits:
    octonien: 1456936978211
  logout: 1456937484027
ipAddress: 88.175.163.189
lastlocation:
  world: world
  x: -3.5
  y: 191.0
  z: 3.5
  yaw: 0.0
  pitch: 0.0
logoutlocation:
  world: world
  x: 0.01824782120930235
  y: 190.5
  z: 0.3461496600293048
  yaw: -357.55096
  pitch: 4.1978226
