timestamps:
  login: 1455094275194
  kits:
    bouffe: 1455094351209
    octonien: 1455094295910
  logout: 1455094446394
ipAddress: 88.140.117.115
lastlocation:
  world: world
  x: -6.5
  y: 189.0
  z: 2.5
  yaw: 0.0
  pitch: 0.0
logoutlocation:
  world: world
  x: 55.27603553762131
  y: 187.0
  z: -4.007292551220915
  yaw: -277.4903
  pitch: 17.549974
