timestamps:
  login: 1455377246114
  logout: 1455377472996
ipAddress: 94.204.178.53
lastlocation:
  world: world
  x: -4.5
  y: 187.0
  z: -5.5
  yaw: 0.0
  pitch: 0.0
logoutlocation:
  world: world
  x: 16.296824678790117
  y: 189.0
  z: 2.152154057332276
  yaw: -80.41298
  pitch: 19.53065
