uuid: 468f6141-6dc0-3846-b2a0-eae61ed510c0
timestamps:
  login: 1456223656832
  kits:
    bouffe: 1456223816736
    octonien: 1456223674952
  logout: 1456223913757
  lastteleport: 1456223779319
ipAddress: 89.89.8.184
lastlocation:
  world: world
  x: -5.941298834754771
  y: 31.0
  z: 35.091343284462454
  yaw: 102.25105
  pitch: 37.05
logoutlocation:
  world: world
  x: -0.14090013897333264
  y: 190.5
  z: 0.48611282218956364
  yaw: -270.64917
  pitch: 23.157734
