timestamps:
  login: 1455522625996
  logout: 1455522833117
  kits:
    octonien: 1455264467271
ipAddress: 109.21.185.137
lastlocation:
  world: world
  x: 2.5
  y: 189.0
  z: -8.5
  yaw: 0.0
  pitch: 0.0
logoutlocation:
  world: world
  x: 10.720612467164
  y: 188.0
  z: -42.77256893266119
  yaw: 60.90973
  pitch: 13.799995
