timestamps:
  login: 1455970685254
  kits:
    bouffe: 1455970735851
    octonien: 1455970727546
    decouverte: 1455886862633
  logout: 1455970862415
  lastteleport: 1455970844226
  lastheal: 1455888071509
ipAddress: 88.180.22.47
lastlocation:
  world: world
  x: 9132.620861568199
  y: 3.0
  z: 408.34967769723414
  yaw: -89.98063
  pitch: 72.18236
homes:
  home:
    world: world
    x: 8026.779044185033
    y: 28.0
    z: 1329.4541936490846
    yaw: 212.79956
    pitch: -33.89996
logoutlocation:
  world: world
  x: 8026.650800901827
  y: 28.0
  z: 1328.6301050339025
  yaw: -258.44537
  pitch: -5.637582
money: '4304.1'
uuid: 3acd0aca-c8ac-306b-860f-4909bb498f64
