timestamps:
  login: 1455462296988
  kits:
    octonien: 1455462306417
  lastteleport: 1455462378379
  logout: 1455462426323
ipAddress: 87.66.223.142
lastlocation:
  world: world
  x: 3.4049969754513256
  y: 189.5
  z: -0.15300745599756652
  yaw: 71.387024
  pitch: 13.380643
logoutlocation:
  world: world
  x: 2641.4812051003237
  y: 21.0
  z: -1005.1095450274028
  yaw: 60.90235
  pitch: 23.849941
