timestamps:
  login: 1455568476587
  logout: 1455569155826
ipAddress: 77.129.202.140
lastlocation:
  world: world
  x: 1.5
  y: 189.0
  z: 5.5
  yaw: 0.0
  pitch: 0.0
logoutlocation:
  world: world
  x: -0.3858816839699487
  y: 189.0
  z: -21.598589004933704
  yaw: -183.76299
  pitch: 26.280647
