timestamps:
  login: 1454957283910
  logout: 1454957297123
ipAddress: 93.19.18.72
lastlocation:
  world: world
  x: -8.5
  y: 189.0
  z: -8.5
  yaw: 0.0
  pitch: 0.0
logoutlocation:
  world: world
  x: -1.5444205926509187
  y: 189.0
  z: -10.132982849657276
  yaw: -159.97197
  pitch: 16.918419
