timestamps:
  login: 1455632746712
  kits:
    bouffe: 1455632900227
    octonien: 1455632763933
  logout: 1455633176660
ipAddress: 78.237.221.15
lastlocation:
  world: world
  x: 4.5
  y: 188.0
  z: 7.5
  yaw: 0.0
  pitch: 0.0
logoutlocation:
  world: world
  x: 1.7988800977092216
  y: 178.0
  z: -1.4091592979569736
  yaw: 182.53668
  pitch: 31.349998
