timestamps:
  login: 1455368152917
  kits:
    bouffe: 1455368283865
    octonien: 1455368187517
  logout: 1455368352782
ipAddress: 88.184.220.157
lastlocation:
  world: world
  x: -4.5
  y: 185.0
  z: 5.5
  yaw: 0.0
  pitch: 0.0
logoutlocation:
  world: world
  x: -392.67925806151027
  y: 65.0
  z: 17.699211777101862
  yaw: -268.06265
  pitch: 3.480648
