uuid: 42201e5b-49dd-319f-ac3b-4fe222cde2f9
timestamps:
  login: 1456613186714
  lastteleport: 1456613292474
  logout: 1456613497446
ipAddress: 93.11.102.31
lastlocation:
  world: world
  x: 0.5
  y: 190.5
  z: 0.5
  yaw: -341.80096
  pitch: 35.397823
logoutlocation:
  world: world
  x: -1769.9236345429142
  y: 11.0
  z: -953.6270156208441
  yaw: -18.450317
  pitch: 8.399993
