timestamps:
  login: 1455305488824
  logout: 1455305554032
ipAddress: 83.79.254.14
lastlocation:
  world: world
  x: 4.5
  y: 185.0
  z: -3.5
  yaw: 0.0
  pitch: 0.0
logoutlocation:
  world: world
  x: 0.5
  y: 190.5
  z: 0.5
  yaw: -181.36298
  pitch: 70.68065
