uuid: 248999c4-eef6-392b-854a-1596d755067a
timestamps:
  login: 1456522428429
  kits:
    octonien: 1456522446109
  logout: 1456522653759
ipAddress: 78.243.8.225
lastlocation:
  world: world
  x: 4.5
  y: 187.0
  z: 3.5
  yaw: 0.0
  pitch: 0.0
logoutlocation:
  world: world
  x: 2.949999988079071
  y: 191.0
  z: 2.949999988079072
  yaw: -30.851002
  pitch: 41.99782
