socialspy: false
timestamps:
  login: 1456672508764
  kits:
    bouffe: 1456676000392
    octonien: 1456673583021
    decouverte: 1456675475493
  lastteleport: 1456684199943
  logout: 1456684420226
  lastheal: 1456684181889
  mute: 0
ipAddress: 78.244.248.126
lastlocation:
  world: world
  x: -3566.5771412725326
  y: 67.0
  z: -9233.688173958319
  yaw: -154.46317
  pitch: 14.549998
logoutlocation:
  world: world
  x: -2934.2478487309127
  y: 15.0
  z: -9239.679437916755
  yaw: -96.5195
  pitch: 16.285543
money: '66.20'
homes:
  home:
    world: world
    x: -2934.651054593493
    y: 20.0
    z: -9239.143997448193
    yaw: -320.4692
    pitch: 21.385494
uuid: bb29c56c-7df5-3d53-9df8-24cca075df3e
muted: false
