timestamps:
  login: 1456592299836
  lastteleport: 1455737217768
  logout: 1456592352066
ipAddress: 37.160.88.234
lastlocation:
  world: world
  x: 0.17079244148463907
  y: 189.0
  z: 11.043346354881914
  yaw: -317.43304
  pitch: 17.7
logoutlocation:
  world: world
  x: -15.772329048400843
  y: 191.0
  z: -15.721071336905602
  yaw: -183.48308
  pitch: 49.729607
uuid: f9fd7fec-157b-3448-9910-b8075a781c6c
