socialspy: false
timestamps:
  login: 1454858760211
  lastteleport: 1454858823768
ipAddress: 83.114.62.145
lastlocation:
  world: world
  x: 5.867094171025922
  y: 187.0
  z: -55.501040737772534
  yaw: -9.549408
  pitch: -15.181098
