uuid: cba63df9-a486-3a71-9cb0-46d8df507323
timestamps:
  login: 1457196389992
  lastteleport: 1457027015392
  kits:
    bouffe: 1456943747019
    octonien: 1456937196516
  logout: 1457196615094
  mute: 0
  lastheal: 1457196448027
ipAddress: 31.32.77.90
lastlocation:
  world: world
  x: -22.065361835446076
  y: 64.0
  z: 285.5156176233943
  yaw: -240.48267
  pitch: 7.350015
homes:
  home:
    world: world
    x: -27.556921556052213
    y: 5.0
    z: 284.1132025015147
    yaw: -2.0984497
    pitch: 30.449997
money: '34.005'
logoutlocation:
  world: world
  x: -27.822147538434237
  y: 5.0
  z: 279.3549734764505
  yaw: -83.24504
  pitch: 21.15006
muted: false
