timestamps:
  login: 1455204254190
  logout: 1455205802365
ipAddress: 80.201.17.103
lastlocation:
  world: world
  x: 3.5
  y: 193.0
  z: 2.5
  yaw: 0.0
  pitch: 0.0
logoutlocation:
  world: world
  x: -32.81482687095137
  y: 23.0
  z: 44.019696326167086
  yaw: 214.66055
  pitch: -7.9500175
