uuid: 7ac9d977-bc0e-3fd8-b8af-dbf16d5615ee
timestamps:
  login: 1457299156078
  kits:
    octonien: 1457299164071
  logout: 1457299232730
ipAddress: 109.15.35.100
lastlocation:
  world: world
  x: -2.5
  y: 189.0
  z: -4.5
  yaw: 0.0
  pitch: 0.0
logoutlocation:
  world: world
  x: -6.0466493174660805
  y: 188.0
  z: 25.69999998807907
  yaw: -45.08084
  pitch: 48.262035
