uuid: 32183da0-65f7-3d4c-a38a-7ceddbb3527e
timestamps:
  login: 1456354096551
  logout: 1456354113260
ipAddress: 46.16.37.207
lastlocation:
  world: world
  x: -5.5
  y: 189.0
  z: -1.5
  yaw: 0.0
  pitch: 0.0
logoutlocation:
  world: world
  x: -2.2045272957563062
  y: 190.5
  z: -0.3607676649702683
  yaw: -135.34912
  pitch: 29.907724
