timestamps:
  login: 1455643662593
  lastteleport: 1455643967575
  kits:
    bouffe: 1455644135333
  logout: 1455644425927
ipAddress: 88.176.184.30
lastlocation:
  world: world
  x: -15.452054434382376
  y: 55.0
  z: 280.30000001192093
  yaw: -8.354248
  pitch: -2.619654
logoutlocation:
  world: world
  x: -38.16654377618488
  y: 81.0
  z: 1187.6218466047014
  yaw: -3.0160217
  pitch: 11.466372
