timestamps:
  login: 1455313151307
  logout: 1455313169010
ipAddress: 78.227.175.246
lastlocation:
  world: world
  x: 4.5
  y: 189.0
  z: 9.5
  yaw: 0.0
  pitch: 0.0
logoutlocation:
  world: world
  x: -1952.5
  y: 74.0
  z: -1356.5
  yaw: 25.800005
  pitch: -27.300003
