timestamps:
  login: 1454972684089
  kits:
    bouffe: 1454971682052
    octonien: 1454959603976
  lastteleport: 1454962100492
  logout: 1454972971166
ipAddress: 46.16.33.233
lastlocation:
  world: world
  x: 7.903261101623626
  y: 188.0
  z: -37.59202092859658
  yaw: -286.4906
  pitch: 17.249886
logoutlocation:
  world: world
  x: -8775.68337146423
  y: 53.01425595594305
  z: -4793.551845353767
  yaw: -168.94926
  pitch: 47.399982
