uuid: bce247ef-799d-38d3-87d8-e2a426c6b81e
timestamps:
  login: 1455825521933
  kits:
    bouffe: 1455825601446
    octonien: 1455825538882
  lastteleport: 1455826263612
  logout: 1455826256232
ipAddress: 81.57.149.119
lastlocation:
  world: world
  x: 1348.300000011921
  y: 13.0
  z: -1372.0792377714129
  yaw: -204.40979
  pitch: 23.53978
