timestamps:
  login: 1455665400094
  logout: 1455665990354
ipAddress: 93.121.214.179
lastlocation:
  world: world
  x: 5.5
  y: 188.0
  z: 7.5
  yaw: 0.0
  pitch: 0.0
logoutlocation:
  world: world
  x: 2732.394141438919
  y: 67.0
  z: -2480.8830505365977
  yaw: -25.799932
  pitch: 37.500046
