timestamps:
  login: 1455387165675
  logout: 1455387242340
ipAddress: 88.173.19.161
lastlocation:
  world: world
  x: 8.5
  y: 189.0
  z: -1.5
  yaw: 0.0
  pitch: 0.0
logoutlocation:
  world: world
  x: -3.1712360142418037
  y: 188.0
  z: 23.102386088121243
  yaw: 218.65039
  pitch: -10.76162
