timestamps:
  login: 1456686305709
  logout: 1456686344935
ipAddress: 86.69.124.207
lastlocation:
  world: world
  x: 2.5
  y: 189.0
  z: -6.5
  yaw: 0.0
  pitch: 0.0
logoutlocation:
  world: world
  x: -0.5205724419502076
  y: 189.5
  z: -2.5770706708669415
  yaw: -181.50983
  pitch: 16.519476
uuid: 6d41b09e-82ac-3b5d-8614-9b6d92ad82fe
