timestamps:
  login: 1454957116072
  logout: 1454957497827
ipAddress: 184.145.251.193
lastlocation:
  world: world
  x: 3.5
  y: 190.0
  z: -0.5
  yaw: 0.0
  pitch: 0.0
logoutlocation:
  world: world
  x: 0.3289950507173887
  y: 190.0
  z: -3.3026884521533053
  yaw: -187.04541
  pitch: 31.199554
