socialspy: false
timestamps:
  login: 1454853510328
  logout: 1454853511031
  kits:
    bouffe: 1454852004522
    octonien: 1454850856541
  lastteleport: 1454851850986
ipAddress: 92.136.237.63
lastlocation:
  world: world
  x: 37.30000001192092
  y: 192.0
  z: 35.69999998807906
  yaw: -241.21338
  pitch: 17.99661
logoutlocation:
  world: world
  x: -0.05640325665323345
  y: 191.0
  z: 0.06084168811078994
  yaw: -178.79053
  pitch: 16.049873
homes:
  home:
    world: world
    x: -7.883454588365476
    y: 62.0
    z: -291.634470606976
    yaw: -199.46472
    pitch: 24.2347
ban:
  reason: 'Banni : Le marteau du bannissement a frappé !'
  timeout: 0
