timestamps:
  login: 1455737204725
  kits:
    octonien: 1455737218243
  logout: 1455737524334
ipAddress: 78.201.212.140
lastlocation:
  world: world
  x: -4.5
  y: 187.0
  z: -5.5
  yaw: 0.0
  pitch: 0.0
logoutlocation:
  world: world
  x: -0.8009485083841487
  y: 189.5
  z: 3.34273076238211
  yaw: -48.783085
  pitch: 31.129597
