uuid: f23fb2f0-fe49-3016-ad50-63f128a9725e
timestamps:
  login: 1456768466638
  logout: 1456768514753
ipAddress: 88.121.178.31
lastlocation:
  world: world
  x: -2.5
  y: 193.0
  z: -2.5
  yaw: 0.0
  pitch: 0.0
logoutlocation:
  world: world
  x: -2.955883916701586
  y: 189.0
  z: -5.929892137561331
  yaw: -341.0457
  pitch: 16.01214
