uuid: 312b6757-e738-3aff-8c22-1a47d6eb3c9e
timestamps:
  login: 1457281820018
  kits:
    bouffe: 1457223935897
    octonien: 1457270810058
    decouverte: 1457221354283
  logout: 1457282460169
  lastteleport: 1457282264114
  lastheal: 1457282146709
ipAddress: 78.223.73.72
lastlocation:
  world: world
  x: -4484.900829509574
  y: 8.0
  z: 8868.711919496402
  yaw: -90.7475
  pitch: 30.749964
homes:
  home:
    world: world
    x: -4480.095638732861
    y: 64.0
    z: 8918.567211991836
    yaw: 150.30098
    pitch: 15.599986
logoutlocation:
  world: world
  x: -4479.101735095229
  y: 64.0
  z: 8918.154493417578
  yaw: 105.75098
  pitch: 9.449955
money: '783.335'
ignore:
- khadgar
