timestamps:
  login: 1455598597448
  logout: 1455598624850
  kits:
    octonien: 1455598623450
ipAddress: 175.158.166.99
lastlocation:
  world: world
  x: 8.5
  y: 188.0
  z: 5.5
  yaw: 0.0
  pitch: 0.0
logoutlocation:
  world: world
  x: 0.717206479849227
  y: 189.0
  z: -3.7665260585242155
  yaw: 10.037053
  pitch: 27.780651
