uuid: f772fd82-46e2-3d2d-b388-174ad1efef02
timestamps:
  login: 1456149166423
  kits:
    octonien: 1456149184505
  logout: 1456149223454
ipAddress: 109.214.216.218
lastlocation:
  world: world
  x: -0.5
  y: 190.0
  z: -2.5
  yaw: 0.0
  pitch: 0.0
logoutlocation:
  world: world
  x: -16.782836407526442
  y: 189.0
  z: 7.651724080908193
  yaw: -116.749146
  pitch: 17.30773
