uuid: 4ae7c44f-802a-3849-b9ef-25a77167a7ab
timestamps:
  login: 1456581809540
  kits:
    octonien: 1456581825679
  logout: 1456582147240
ipAddress: 82.250.236.166
lastlocation:
  world: world
  x: 4.5
  y: 189.0
  z: -0.5
  yaw: 0.0
  pitch: 0.0
logoutlocation:
  world: world
  x: -441.81778988242075
  y: 5.0
  z: -11.699999988079075
  yaw: -83.13329
  pitch: 26.019367
