uuid: 79146056-df38-3644-876e-a856014af479
timestamps:
  login: 1455903961463
  kits:
    octonien: 1455903981501
  lastteleport: 1455904039997
ipAddress: 77.199.235.212
lastlocation:
  world: world
  x: -0.45544854438021304
  y: 188.0
  z: 38.242341850918706
  yaw: -171.9331
  pitch: -9.070403
