timestamps:
  login: 1455384059176
  kits:
    bouffe: 1455384336411
    octonien: 1455384075324
  logout: 1455384561386
ipAddress: 85.203.96.239
lastlocation:
  world: world
  x: 8.5
  y: 189.0
  z: -1.5
  yaw: 0.0
  pitch: 0.0
logoutlocation:
  world: world
  x: -2.572201677570008
  y: 190.0
  z: 0.9691069735633555
  yaw: -286.36298
  pitch: 42.180637
