uuid: ad957497-cd3f-383d-8250-8e10a8d05d07
timestamps:
  login: 1457293989070
  kits:
    bouffe: 1457295317935
    octonien: 1457292257431
    decouverte: 1457294085661
  lastteleport: 1457295286356
  logout: 1457295665376
  lastheal: 1457295665736
ipAddress: 92.157.32.55
lastlocation:
  world: world
  x: -3.5530031787523892
  y: 178.0
  z: 3.437449111261402
  yaw: -194.95105
  pitch: 69.45
homes:
  home:
    world: world
    x: -3773.8186890190896
    y: 253.875
    z: -2619.7717172455827
    yaw: 46.909515
    pitch: 66.44999
money: '78.75'
logoutlocation:
  world: world
  x: -3472.069965607233
  y: 73.0
  z: -3255.6999774385604
  yaw: 179.98361
  pitch: 27.29997
