timestamps:
  login: 1455197255743
  logout: 1455197270310
ipAddress: 78.129.63.164
lastlocation:
  world: world
  x: -7.5
  y: 189.0
  z: 2.5
  yaw: 0.0
  pitch: 0.0
logoutlocation:
  world: world
  x: -0.5
  y: 190.5
  z: 0.5
  yaw: -180.44048
  pitch: 81.74999
