uuid: 85795c19-32b4-3975-ac9f-1f23ee5d8dcb
timestamps:
  login: 1456417146445
  kits:
    bouffe: 1456418700639
    octonien: 1456410146360
  lastteleport: 1456420900167
  logout: 1456420913295
  lastheal: 1456420415969
  mute: 0
ipAddress: 78.221.57.8
lastlocation:
  world: world
  x: 936.5
  y: 21.0
  z: -21.5
  yaw: 131.9876
  pitch: -90.0
homes:
  home:
    world: world
    x: 15.494733646959972
    y: 5.0
    z: 334.1565516320629
    yaw: -17.898981
    pitch: 6.600012
logoutlocation:
  world: world
  x: -6.699999988079071
  y: 44.0
  z: 0.7849897580498386
  yaw: -4.099243
  pitch: 86.25
muted: false
