timestamps:
  login: 1455644587056
  kits:
    octonien: 1455644692455
  logout: 1455644893238
ipAddress: 92.93.98.105
lastlocation:
  world: world
  x: 5.5
  y: 186.0
  z: -2.5
  yaw: 0.0
  pitch: 0.0
logoutlocation:
  world: world
  x: 1.3028305578878352
  y: 190.5
  z: 0.9047841391045003
  yaw: -39.78311
  pitch: 35.329594
