timestamps:
  login: 1457291229602
  logout: 1457292337121
  kits:
    bouffe: 1456508029677
    octonien: 1457282518054
    decouverte: 1457291971320
  lastteleport: 1457291459929
  lastheal: 1457291486007
ipAddress: 86.75.127.31
lastlocation:
  world: world
  x: 3422.85754623702
  y: 11.0
  z: -2831.729801553443
  yaw: 39.3912
  pitch: 22.895622
logoutlocation:
  world: world
  x: 3417.300000011921
  y: 3.0
  z: -2827.642864268242
  yaw: -138.84448
  pitch: -4.149119
money: '212.50'
homes:
  home:
    world: world
    x: 3475.5118849349005
    y: 64.0
    z: -2835.300000011921
    yaw: -87.35239
    pitch: 40.676365
uuid: e6135a83-d680-39d6-b4be-65a3d8bb97ad
