uuid: ad9c17b2-110d-312c-90b8-32c290fb9b7c
timestamps:
  login: 1455829455674
  logout: 1455829658987
  kits:
    bouffe: 1455829482529
    octonien: 1455829471267
ipAddress: 70.48.226.155
lastlocation:
  world: world
  x: 3.5
  y: 189.0
  z: 8.5
  yaw: 0.0
  pitch: 0.0
logoutlocation:
  world: world
  x: -28.926457585394267
  y: 64.4807108763317
  z: 267.12630512192385
  yaw: -346.5357
  pitch: 7.129672
