timestamps:
  login: 1455742067004
  kits:
    bouffe: 1455742152169
    octonien: 1455742093764
  logout: 1455742232012
ipAddress: 87.66.195.29
lastlocation:
  world: world
  x: 1.5
  y: 191.0
  z: 0.5
  yaw: 0.0
  pitch: 0.0
logoutlocation:
  world: world
  x: -18.421226275503354
  y: 25.0
  z: 181.71652907164963
  yaw: -224.43321
  pitch: -22.420403
