timestamps:
  login: 1457209182621
  kits:
    heros: 1457168479893
    bouffe: 1457034791433
    octonien: 1456692102049
    druide: 1456503120131
    chevalier: 1456503130590
    xp: 1457096576786
    decouverte: 1457033551177
    legendaire: 1457167298657
    golden: 1457168291638
  lastteleport: 1457209199658
  logout: 1457209251932
  lastheal: 1457169139676
ipAddress: 92.152.251.97
lastlocation:
  world: world
  x: -267.5705250395908
  y: 12.0
  z: 8131.071500792045
  yaw: 267.32626
  pitch: 14.752123
logoutlocation:
  world: world
  x: -1352.9140299797687
  y: 5.0
  z: 6573.424868129834
  yaw: -195.92264
  pitch: 22.050735
homes:
  ice:
    world: world
    x: -6010.341353919518
    y: 68.0
    z: 6297.386156148934
    yaw: -69.05757
    pitch: 21.294994
  nbp:
    world: world
    x: -257.6741834552551
    y: 5.0
    z: 8132.719641693989
    yaw: -11.465949
    pitch: 35.8955
  raid:
    world: world
    x: -4060.481866086098
    y: 6.0
    z: -5024.1722560701055
    yaw: -6.9045324
    pitch: 10.239751
  farm:
    world: world
    x: -2811.505427367354
    y: 47.0
    z: 5766.915502464809
    yaw: -126.46432
    pitch: 27.008543
  pnj:
    world: world
    x: -1352.3871162853382
    y: 5.0
    z: 6571.138590481254
    yaw: -149.94548
    pitch: 18.055964
  sky:
    world: world
    x: -1336.9529791494654
    y: 253.875
    z: 6420.572201116654
    yaw: -29.147003
    pitch: 47.68025
money: '611.00'
uuid: 5e771cad-e1eb-3afb-a485-cc57a17705c6
