timestamps:
  login: 1455731388736
  kits:
    octonien: 1455731403772
  logout: 1455731773091
ipAddress: 86.71.39.182
lastlocation:
  world: world
  x: 6.5
  y: 187.0
  z: 5.5
  yaw: 0.0
  pitch: 0.0
logoutlocation:
  world: world
  x: 0.6401976223349577
  y: 190.5
  z: 1.6587871886112397
  yaw: -358.23306
  pitch: 6.679597
