timestamps:
  login: 1454773879908
  logout: 1454773908407
ipAddress: 93.13.116.121
lastlocation:
  world: world
  x: -9.5
  y: 189.0
  z: 8.5
  yaw: 0.0
  pitch: 0.0
logoutlocation:
  world: world
  x: -0.05640325665323345
  y: 191.0
  z: 0.06084168811078994
  yaw: -178.79053
  pitch: 16.049873
