uuid: 77d2572b-de9a-3009-bf9c-6b5c74ec7220
timestamps:
  login: 1457176575991
  kits:
    bouffe: 1456579074107
    octonien: 1457174131558
  lastteleport: 1457176614410
  logout: 1457176536294
  mute: 0
ipAddress: 77.204.187.53
lastlocation:
  world: world
  x: -9607.720538331694
  y: 5.0
  z: 693.3964342303027
  yaw: 36.449524
  pitch: 10.799996
money: '1325.1'
logoutlocation:
  world: world
  x: -9612.575435710758
  y: 5.0
  z: 698.3528988766508
  yaw: 312.5994
  pitch: 18.45002
homes:
  home:
    world: world
    x: -9611.835711187736
    y: 5.0
    z: 695.1023979005644
    yaw: -160.20064
    pitch: -8.999988
muted: false
