uuid: aa8f1705-180a-3cac-a66b-b38cbcdb44f9
timestamps:
  login: 1457026387300
  logout: 1457026834549
ipAddress: 86.223.216.110
lastlocation:
  world: world
  x: -3.5
  y: 189.0
  z: -3.5
  yaw: 0.0
  pitch: 0.0
logoutlocation:
  world: world
  x: -33.96792271288366
  y: 200.0
  z: 38.80412043809535
  yaw: -1.0939941
  pitch: 8.18347
