timestamps:
  login: 1455649392028
  logout: 1455649602675
ipAddress: 176.188.28.209
lastlocation:
  world: world
  x: 6.5
  y: 187.0
  z: 4.5
  yaw: 0.0
  pitch: 0.0
logoutlocation:
  world: world
  x: -15.441233151743985
  y: 189.0
  z: 1.4125741679609414
  yaw: -336.9347
  pitch: 3.5296052
