timestamps:
  login: 1457277172029
  logout: 1457282470264
  kits:
    bouffe: 1457277394487
    octonien: 1457279801043
  lastteleport: 1457282308815
  lastheal: 1457281946496
ipAddress: 90.0.39.31
lastlocation:
  world: world
  x: 3628.8411239352813
  y: 248.875
  z: -4652.219558799868
  yaw: 12.66168
  pitch: 37.473152
logoutlocation:
  world: world
  x: -6741.951388826843
  y: 42.0
  z: -2182.5121204782745
  yaw: 166.47726
  pitch: 20.91072
socialspy: false
money: '24176.0'
homes:
  home:
    world: world
    x: 3629.5
    y: 248.875
    z: -4654.5
    yaw: 8.04134
    pitch: 57.899944
uuid: 88e10a3c-b544-3ca4-aac4-5dd852137ea5
