timestamps:
  login: 1455112350145
  kits:
    octonien: 1455112357570
  logout: 1455112718427
ipAddress: 176.156.114.26
lastlocation:
  world: world
  x: 8.5
  y: 189.0
  z: 1.5
  yaw: 0.0
  pitch: 0.0
logoutlocation:
  world: world
  x: 7.757869848969605
  y: 189.0
  z: -3.0780239097514555
  yaw: -167.94629
  pitch: 23.577507
