timestamps:
  login: 1455387067635
  kits:
    bouffe: 1455384572976
    octonien: 1455384565039
  logout: 1455387217181
ipAddress: 78.237.6.156
lastlocation:
  world: world
  x: 9.5
  y: 189.0
  z: 8.5
  yaw: 0.0
  pitch: 0.0
logoutlocation:
  world: world
  x: -1848.719579533348
  y: 64.0
  z: -1143.3168337703871
  yaw: -103.65381
  pitch: 3.7503452
