uuid: d4fe317a-57a4-32ad-828e-a6a9b941ec6f
timestamps:
  login: 1455902689198
  kits:
    octonien: 1455902809638
  lastteleport: 1455903703264
ipAddress: 86.200.90.110
lastlocation:
  world: world
  x: -4001.4928623280184
  y: 38.0
  z: -189.163537191017
  yaw: 14.814762
  pitch: -13.649966
