timestamps:
  login: 1455532205649
  kits:
    octonien: 1455532233008
  logout: 1455532517821
ipAddress: 109.209.4.151
lastlocation:
  world: world
  x: 1.5
  y: 189.0
  z: -8.5
  yaw: 0.0
  pitch: 0.0
logoutlocation:
  world: world
  x: 0.2616811593437246
  y: 190.5
  z: 1.8303372333279726
  yaw: 64.63704
  pitch: -7.619361
