timestamps:
  login: 1455701256920
  lastteleport: 1455701446329
  kits:
    octonien: 1455701281041
  logout: 1455701461378
ipAddress: 90.53.141.246
lastlocation:
  world: world
  x: 11.813158423219695
  y: 189.0
  z: -11.155493110297742
  yaw: -194.25507
  pitch: -68.437126
logoutlocation:
  world: world
  x: -0.1171770091306238
  y: 190.5
  z: 0.7039789129742813
  yaw: -12.536102
  pitch: 5.1882668
