timestamps:
  login: 1455802099509
  kits:
    bouffe: 1455805959274
    octonien: 1455794647837
    decouverte: 1455807312455
  lastteleport: 1455809083123
  lastheal: 1455809247866
  logout: 1455809408958
ipAddress: 109.208.220.43
lastlocation:
  world: world
  x: -7548.481090404851
  y: 4.0
  z: -6016.9667887838195
  yaw: -195.77747
  pitch: 23.699879
logoutlocation:
  world: world
  x: -7558.334781097904
  y: 8.0
  z: -6202.038490606335
  yaw: -97.746
  pitch: 5.3997984
homes:
  home:
    world: world
    x: -7547.699999988079
    y: 3.0
    z: -6017.130290134673
    yaw: -172.6775
    pitch: 27.449923
money: '913.9'
uuid: 75ea2e57-6339-3637-bdc4-8d71cbfb412f
