socialspy: false
timestamps:
  login: 1454844171800
  logout: 1454785922313
  kits:
    octonien: 1454783660020
ipAddress: 81.64.227.217
lastlocation:
  world: world
  x: -0.05640325665323345
  y: 191.0
  z: 0.06084168811078994
  yaw: -178.79053
  pitch: 16.049873
logoutlocation:
  world: world
  x: -35.81115270482893
  y: 188.0
  z: -18.665492684649582
  yaw: 172.01855
  pitch: 16.705877
