uuid: 42a0a077-03e0-39d9-b3a7-b8b6c869c690
timestamps:
  login: 1456340454961
  kits:
    bouffe: 1456328829639
    octonien: 1456344580729
  logout: 1456344848494
  lastteleport: 1456344793236
  lastheal: 1456344833039
  mute: 0
ipAddress: 78.197.142.193
lastlocation:
  world: world
  x: 4204.699999988079
  y: 68.0
  z: -1404.699999988079
  yaw: 357.37476
  pitch: 24.150059
logoutlocation:
  world: world
  x: 4204.699999988079
  y: 68.0
  z: -1403.487500011921
  yaw: 11.924713
  pitch: 60.30006
homes:
  home:
    world: world
    x: 1842.5751792043613
    y: 63.0
    z: -297.2307922824616
    yaw: 176.4839
    pitch: 5.948857
muted: false
