timestamps:
  login: 1454945975422
  logout: 1454931412885
ipAddress: 89.85.13.136
lastlocation:
  world: world
  x: -8.5
  y: 189.0
  z: 1.5
  yaw: 0.0
  pitch: 0.0
logoutlocation:
  world: world
  x: -27.312823997487527
  y: 189.0
  z: -9.045518314384491
  yaw: -80.390625
  pitch: 11.999997
