timestamps:
  login: 1455467971517
  kits:
    octonien: 1455467981932
  logout: 1455468704923
ipAddress: 83.114.8.3
lastlocation:
  world: world
  x: 4.5
  y: 186.0
  z: -4.5
  yaw: 0.0
  pitch: 0.0
logoutlocation:
  world: world
  x: 0.7779704876804994
  y: 189.0
  z: -3.7591711850371268
  yaw: -172.41815
  pitch: 20.334063
