timestamps:
  login: 1455286176601
  logout: 1455286204230
ipAddress: 86.215.46.149
lastlocation:
  world: world
  x: -4.5
  y: 186.0
  z: 6.5
  yaw: 0.0
  pitch: 0.0
logoutlocation:
  world: world
  x: 9.576245804325296
  y: 189.0
  z: -1.758098913401793
  yaw: 121.659515
  pitch: -20.850014
