timestamps:
  login: 1455292500571
  kits:
    octonien: 1455292516765
  logout: 1455292569634
ipAddress: 88.141.156.153
lastlocation:
  world: world
  x: 7.5
  y: 188.0
  z: -5.5
  yaw: 0.0
  pitch: 0.0
logoutlocation:
  world: world
  x: -3.336115811370377
  y: 189.5
  z: 1.3655625596354146
  yaw: 322.3593
  pitch: 4.5000043
