timestamps:
  login: 1455053234676
  kits:
    octonien: 1455052108796
  logout: 1455053311297
ipAddress: 47.54.164.72
lastlocation:
  world: world
  x: -7.5
  y: 189.0
  z: -2.5
  yaw: 0.0
  pitch: 0.0
logoutlocation:
  world: world
  x: -1298.3714133550563
  y: 71.0
  z: 2556.282014319663
  yaw: -167.39978
  pitch: 11.400015
