timestamps:
  login: 1455724327277
  logout: 1455724434838
ipAddress: 109.88.161.15
lastlocation:
  world: world
  x: 0.5
  y: 191.0
  z: -0.5
  yaw: 0.0
  pitch: 0.0
logoutlocation:
  world: world
  x: -16.6697339774503
  y: 189.0
  z: -1.7714184454136745
  yaw: -84.333115
  pitch: 3.9796035
