timestamps:
  login: 1455186978252
  kits:
    octonien: 1455186811118
  logout: 1455187114832
  lastteleport: 1455187089231
ipAddress: 93.182.245.72
lastlocation:
  world: world
  x: -0.9869829259436078
  y: 177.0
  z: 1.864992938567927
  yaw: 87.609985
  pitch: 36.300007
logoutlocation:
  world: world
  x: 19.331770502943797
  y: 188.0
  z: -18.341642801490423
  yaw: -24.740467
  pitch: 1.8000044
