timestamps:
  login: 1455356998353
  kits:
    octonien: 1455357036147
  logout: 1455357153088
ipAddress: 86.249.90.246
lastlocation:
  world: world
  x: 1.5
  y: 191.0
  z: -0.5
  yaw: 0.0
  pitch: 0.0
logoutlocation:
  world: world
  x: 2.4700492481165943
  y: 188.0
  z: -43.35176638105417
  yaw: -229.63194
  pitch: -0.28422585
