uuid: 4ac1c327-e205-30bd-893f-a872556d7cd6
timestamps:
  login: 1455970186513
  logout: 1455970397197
ipAddress: 74.57.50.122
lastlocation:
  world: world
  x: -5.5
  y: 188.0
  z: -6.5
  yaw: 0.0
  pitch: 0.0
logoutlocation:
  world: world
  x: 259.322386214837
  y: 64.0
  z: -43.08111878684254
  yaw: -328.8327
  pitch: 25.129566
