timestamps:
  login: 1454961036470
  kits:
    octonien: 1454961115364
  logout: 1454961160339
ipAddress: 86.208.102.64
lastlocation:
  world: world
  x: 7.5
  y: 189.0
  z: 0.5
  yaw: 0.0
  pitch: 0.0
logoutlocation:
  world: world
  x: 3.638554125179045
  y: 189.0
  z: -11.94416928460466
  yaw: 110.70944
  pitch: -57.449997
