uuid: 93a5d10b-0524-3486-a6ec-3c1ccfb4807f
timestamps:
  login: 1457126117533
  logout: 1457126187841
ipAddress: 89.94.69.58
lastlocation:
  world: world
  x: -0.5
  y: 207.0
  z: 0.5
  yaw: 0.0
  pitch: 0.0
logoutlocation:
  world: world
  x: 36.03177347721201
  y: 193.0
  z: 36.04171932086317
  yaw: -118.90115
  pitch: 21.447783
