timestamps:
  login: 1455923420074
  kits:
    bouffe: 1455895623779
    octonien: 1455896284337
    decouverte: 1455895427998
  logout: 1455923474177
  lastteleport: 1455923463490
  lastheal: 1455896014240
ipAddress: 2.8.195.49
lastlocation:
  world: world
  x: -1.787844550430317
  y: 190.5
  z: 0.481850522570312
  yaw: -330.48303
  pitch: 46.429596
homes:
  home:
    world: world
    x: -5659.5
    y: 5.0
    z: -6120.5
    yaw: -96.009125
    pitch: 13.467755
logoutlocation:
  world: world
  x: 2906.6075867199716
  y: 6.0
  z: -1482.370532968594
  yaw: 2.8499756
  pitch: 5.100012
uuid: 9f29a53b-067a-3681-b88b-6e94df961396
money: '109.00'
