timestamps:
  login: 1455469833670
  kits:
    octonien: 1455469874329
  lastteleport: 1455470564877
  logout: 1455471073583
ipAddress: 78.201.201.47
lastlocation:
  world: world
  x: 1294.4825339007543
  y: 76.0
  z: 1249.121297613376
  yaw: 35.641342
  pitch: -0.6881389
logoutlocation:
  world: world
  x: 3511.941705526465
  y: 79.0
  z: -3603.6831388838264
  yaw: 219.00012
  pitch: 4.666324
