timestamps:
  login: 1455197097441
  kits:
    bouffe: 1455196009121
    octonien: 1455195942611
  logout: 1455198147107
ipAddress: 90.34.171.121
lastlocation:
  world: world
  x: -2.5
  y: 189.0
  z: -5.5
  yaw: 0.0
  pitch: 0.0
logoutlocation:
  world: world
  x: -1271.4579111710814
  y: 28.0
  z: -1092.8105133902861
  yaw: 65.48714
  pitch: 30.593626
