timestamps:
  login: 1455065705817
  kits:
    octonien: 1455065777842
  logout: 1455066003472
ipAddress: 172.56.3.24
lastlocation:
  world: world
  x: -8.5
  y: 189.0
  z: -7.5
  yaw: 0.0
  pitch: 0.0
logoutlocation:
  world: world
  x: -7.223293885739446
  y: 22.5
  z: -29.692175829620275
  yaw: -66.134094
  pitch: -0.74994034
