timestamps:
  login: 1455532831760
  kits:
    octonien: 1455532845463
  logout: 1455532880619
ipAddress: 81.48.199.168
lastlocation:
  world: world
  x: 7.5
  y: 189.0
  z: -7.5
  yaw: 0.0
  pitch: 0.0
logoutlocation:
  world: world
  x: -7.025127831811227
  y: 189.0
  z: -13.604622908543885
  yaw: -42.763084
  pitch: 8.13065
