timestamps:
  login: 1455461967882
  kits:
    bouffe: 1455462160027
    octonien: 1455461998682
  logout: 1455462454002
ipAddress: 176.181.20.236
lastlocation:
  world: world
  x: -2.5
  y: 189.0
  z: -8.5
  yaw: 0.0
  pitch: 0.0
logoutlocation:
  world: world
  x: 2164.739999100381
  y: 50.99789179154454
  z: 1632.3679913969434
  yaw: 76.35043
  pitch: 31.350029
