timestamps:
  login: 1455719028662
  logout: 1455719337532
ipAddress: 89.156.254.62
lastlocation:
  world: world
  x: -5.5
  y: 188.0
  z: 8.5
  yaw: 0.0
  pitch: 0.0
logoutlocation:
  world: world
  x: -0.3309711073560475
  y: 190.0
  z: 2.611875354416914
  yaw: -5.5838623
  pitch: 2.6296208
