timestamps:
  login: 1455371191311
  kits:
    octonien: 1455371209072
  logout: 1455371899491
ipAddress: 109.29.39.146
lastlocation:
  world: world
  x: 8.5
  y: 189.0
  z: -4.5
  yaw: 0.0
  pitch: 0.0
logoutlocation:
  world: world
  x: 2243.4157549874153
  y: 63.0
  z: 2189.2168188435166
  yaw: 172.373
  pitch: 7.1392894
