timestamps:
  login: 1455472373174
  logout: 1455472610778
ipAddress: 81.53.158.73
lastlocation:
  world: world
  x: -6.5
  y: 186.0
  z: 6.5
  yaw: 0.0
  pitch: 0.0
logoutlocation:
  world: world
  x: 39.61744045025194
  y: 195.0
  z: -24.933593655349704
  yaw: 214.20966
  pitch: 17.065662
