timestamps:
  login: 1456661593743
  kits:
    bouffe: 1456661710359
    octonien: 1456661937731
    decouverte: 1456663158719
  lastteleport: 1456662529056
  logout: 1456663620378
  lastheal: 1456657959713
ipAddress: 77.192.235.243
lastlocation:
  world: world
  x: -2512.8459844906565
  y: 4.0
  z: 1095.1492386740024
  yaw: -107.099976
  pitch: 12.299875
money: '2800.25'
logoutlocation:
  world: world
  x: 14.137499988079071
  y: 190.0
  z: 7.888963406718274
  yaw: -157.00142
  pitch: 5.8499947
homes:
  home:
    world: world
    x: -2512.8459844906565
    y: 4.0
    z: 1095.1492386740024
    yaw: -58.799683
    pitch: 31.649876
uuid: 7ebac9a5-ae7b-35bb-b3c6-fcd37a109efc
