timestamps:
  login: 1455623653431
  kits:
    octonien: 1455623667471
  lastteleport: 1455623796109
  logout: 1455624531653
ipAddress: 86.197.197.73
lastlocation:
  world: world
  x: -16.974663589208355
  y: 22.5
  z: 44.83080081009016
  yaw: 197.07314
  pitch: 13.03983
logoutlocation:
  world: world
  x: 2548.9408557322636
  y: 5.0
  z: 2216.846673983025
  yaw: -35.427074
  pitch: 21.430613
