uuid: 9ba8376c-69f6-3410-b916-57784434133c
timestamps:
  login: 1457261227795
  logout: 1457261294708
  lastteleport: 1457261244968
ipAddress: 212.68.234.130
lastlocation:
  world: world
  x: 1548.8429962586051
  y: 64.0
  z: -1641.7686420672057
  yaw: -8.760469
  pitch: 4.4774275
logoutlocation:
  world: world
  x: 4.522417231390908
  y: 189.0
  z: -8.643430376192613
  yaw: -304.34192
  pitch: 35.66082
