socialspy: false
timestamps:
  login: 1454859318966
  logout: 1454862358688
  lastteleport: 1454862316708
  kits:
    bouffe: 1454857134298
    octonien: 1454850218790
ipAddress: 83.153.250.251
lastlocation:
  world: world
  x: -290.49482340482064
  y: 61.0
  z: -81.04833151801554
  yaw: -109.374794
  pitch: -21.299992
logoutlocation:
  world: world
  x: 1680.5314783869362
  y: 36.0
  z: 951.6999999880791
  yaw: 166.70108
  pitch: -1.4999919
homes:
  home:
    world: world
    x: -290.64689106304917
    y: 64.0
    z: -80.30000001192093
    yaw: -166.6748
    pitch: 41.400005
money: '50.0'
