uuid: 6acddf51-dcb8-391a-a16c-2d9da7df4924
timestamps:
  login: 1457288834352
  logout: 1457289028046
ipAddress: 78.220.34.74
lastlocation:
  world: world
  x: -1.5
  y: 205.0
  z: 2.5
  yaw: 0.0
  pitch: 0.0
logoutlocation:
  world: world
  x: -0.21148526986294544
  y: 188.0
  z: 20.736251741551104
  yaw: -354.25085
  pitch: 41.099987
