timestamps:
  login: 1455893893158
  kits:
    bouffe: 1455814933732
    octonien: 1455895049531
  lastteleport: 1455895216100
  logout: 1455895252518
  lastheal: 1455754676099
ipAddress: 82.247.52.28
lastlocation:
  world: world
  x: 5668.868571391352
  y: 6.0
  z: -740.3230074957405
  yaw: -226.23853
  pitch: -3.5951085
logoutlocation:
  world: world
  x: -12.918657018159172
  y: 22.5
  z: 0.04190875443929437
  yaw: 142.80406
  pitch: 0.24319379
homes:
  home:
    world: world
    x: -2.101468273454608
    y: 245.0
    z: 50.49905098526246
    yaw: 196.3256
    pitch: 22.974068
uuid: dfecb222-0cf8-39f3-b1fe-a44452f3d2dc
money: '0.0'
