timestamps:
  login: 1455638665757
  logout: 1455639864908
ipAddress: 91.68.7.197
lastlocation:
  world: world
  x: 0.3000000119209289
  y: 189.0
  z: 0.30000001192092884
  yaw: -230.74927
  pitch: 14.849996
logoutlocation:
  world: world
  x: -3.8576059626581447
  y: 188.0
  z: 33.775497716209216
  yaw: -307.85736
  pitch: 14.447743
