timestamps:
  login: 1455398268444
  kits:
    octonien: 1455398307429
  lastteleport: 1455398552495
  logout: 1455398560827
ipAddress: 81.66.227.252
lastlocation:
  world: world
  x: 80.13235211189219
  y: 35.0
  z: 205.1931662602544
  yaw: -69.52234
  pitch: -10.937882
logoutlocation:
  world: world
  x: 0.5
  y: 190.5
  z: 0.5
  yaw: -102.91311
  pitch: 14.130649
