timestamps:
  login: 1455408449745
  kits:
    bouffe: 1455407816866
    octonien: 1455407795168
  logout: 1455408538720
ipAddress: 92.144.116.239
lastlocation:
  world: world
  x: -4.5
  y: 189.0
  z: 1.5
  yaw: 0.0
  pitch: 0.0
logoutlocation:
  world: world
  x: 655.0685005257697
  y: 11.0
  z: 430.4537283200629
  yaw: -56.468536
  pitch: 49.124783
