timestamps:
  login: 1455146369778
  kits:
    octonien: 1455143388926
  lastteleport: 1455144474291
  logout: 1455146695099
ipAddress: 90.1.189.221
lastlocation:
  world: world
  x: -6997.762499988079
  y: 7.0
  z: 1841.699999988079
  yaw: -168.831
  pitch: 17.832308
logoutlocation:
  world: world
  x: -6995.606525151309
  y: 6.0
  z: 1839.3157821449465
  yaw: 27.618187
  pitch: 40.050007
