timestamps:
  login: 1455380066528
  kits:
    octonien: 1455380083060
  logout: 1455380395660
ipAddress: 88.170.163.114
lastlocation:
  world: world
  x: -3.5
  y: 190.0
  z: 3.5
  yaw: 0.0
  pitch: 0.0
logoutlocation:
  world: world
  x: 3176.70944005895
  y: 68.0
  z: -2226.0798455443587
  yaw: -97.7842
  pitch: 22.793037
