uuid: 3563fb94-ae59-3f42-811d-fda3f60eead1
timestamps:
  login: 1457174961121
  kits:
    bouffe: 1457172566671
    octonien: 1457171405898
  logout: 1457174982895
  lastteleport: 1457174862513
ipAddress: 178.194.213.60
lastlocation:
  world: world
  x: -0.4744323107467256
  y: 190.0
  z: 2.6539997004119344
  yaw: -263.65097
  pitch: 34.94782
logoutlocation:
  world: world
  x: -30.726026596836505
  y: 5.0
  z: 1829.5310758595024
  yaw: -265.72363
  pitch: 17.549934
homes:
  home:
    world: world
    x: -30.477300217627153
    y: 5.0
    z: 1827.083681426934
    yaw: 75.37643
    pitch: -45.150043
