socialspy: false
timestamps:
  login: 1454782195281
  logout: 1454782493426
ipAddress: 90.8.225.198
lastlocation:
  world: world
  x: -0.05640325665323345
  y: 191.0
  z: 0.06084168811078994
  yaw: -178.79053
  pitch: 16.049873
ban:
  reason: 'Banni : Le marteau du bannissement a frappé !'
  timeout: 0
logoutlocation:
  world: world
  x: -4.640260675546388
  y: 190.24918707874468
  z: -11.051763644123037
  yaw: 210.54805
  pitch: 18.528757
