timestamps:
  login: 1454952148938
ipAddress: 90.40.248.233
lastlocation:
  world: world
  x: 7.5
  y: 189.0
  z: 4.5
  yaw: 0.0
  pitch: 0.0
logoutlocation:
  world: world
  x: -27.517067895810705
  y: 48.0
  z: 220.5944305942976
  yaw: -91.831116
  pitch: 5.3414607
