timestamps:
  login: 1455269477666
  logout: 1455269540934
ipAddress: 81.48.241.25
lastlocation:
  world: world
  x: -5.5
  y: 187.0
  z: 7.5
  yaw: 0.0
  pitch: 0.0
logoutlocation:
  world: world
  x: -0.5596654329419835
  y: 189.0
  z: -17.43579584074687
  yaw: -180.44048
  pitch: 81.74999
