socialspy: false
timestamps:
  login: 1456768316603
  kits:
    bouffe: 1456768593097
    octonien: 1456768704066
    decouverte: 1456768608915
  lastteleport: 1456228876316
  logout: 1456768901872
  lastheal: 1456768765633
ipAddress: 77.134.172.194
lastlocation:
  world: world
  x: -0.8388570827681748
  y: 23.0
  z: -1.3916612644082882
  yaw: -201.05023
  pitch: 15.600003
logoutlocation:
  world: world
  x: -3.2403241489870815
  y: 187.0
  z: 52.02376495056997
  yaw: -172.30084
  pitch: 6.447825
homes:
  home:
    world: world
    x: -760.3000000119209
    y: 5.0
    z: -5983.660083369818
    yaw: -90.55081
    pitch: 10.049886
money: '13593.50'
uuid: 9ce0ad61-9225-3cf8-9b3a-5f9c6b984d67
