timestamps:
  login: 1456041031498
  kits:
    bouffe: 1455440620278
    octonien: 1455440614672
    decouverte: 1456041387606
  lastteleport: 1456041530397
  logout: 1456041641497
  lastheal: 1455359949034
ipAddress: 178.195.159.253
lastlocation:
  world: world
  x: -5.908896109799628
  y: 22.5
  z: -14.86044294796981
  yaw: -19.400047
  pitch: 5.550001
homes:
  home:
    world: world
    x: -286.69999998807907
    y: 64.0
    z: -50.72809652680357
    yaw: 238.10916
    pitch: -21.45043
logoutlocation:
  world: world
  x: 9580.958987768303
  y: 65.0
  z: 2773.3022264074475
  yaw: -245.38963
  pitch: 21.90003
money: '375.5'
uuid: 252bcbb2-58d9-3351-bf5f-b8af9fea1682
