timestamps:
  login: 1455300147849
  logout: 1455300154643
ipAddress: 195.154.128.163
lastlocation:
  world: world
  x: 6.5
  y: 188.0
  z: -6.5
  yaw: 0.0
  pitch: 0.0
logoutlocation:
  world: world
  x: -0.5
  y: 190.5
  z: 0.5
  yaw: -180.44048
  pitch: 81.74999
