timestamps:
  login: 1455537075776
  logout: 1455537154119
ipAddress: 80.119.48.81
lastlocation:
  world: world
  x: -3.5
  y: 186.0
  z: 5.5
  yaw: 0.0
  pitch: 0.0
logoutlocation:
  world: world
  x: -5.188513151771878
  y: 188.0
  z: 25.03629861898397
  yaw: -11.372162
  pitch: 10.447189
