timestamps:
  login: 1455205612809
  kits:
    octonien: 1454951892106
  logout: 1455205704594
  lastteleport: 1454953874882
ipAddress: 78.248.237.69
lastlocation:
  world: world
  x: -1.5281844217828198
  y: 190.5
  z: -0.6912674779525014
  yaw: -344.07074
  pitch: 57.47982
logoutlocation:
  world: world
  x: -65.29430164703628
  y: 24.0
  z: -523.6935564932646
  yaw: -89.69983
  pitch: 45.749928
