timestamps:
  login: 1455722883459
  logout: 1455723011345
ipAddress: 109.132.210.201
lastlocation:
  world: world
  x: 2.5
  y: 190.0
  z: 0.5
  yaw: 0.0
  pitch: 0.0
logoutlocation:
  world: world
  x: -2.6616073119794454
  y: 189.0
  z: -14.036394950464107
  yaw: -84.63324
  pitch: 5.7795987
