uuid: 3f561d63-2136-33d9-94e4-a47dcf080efe
timestamps:
  login: 1455820320398
  logout: 1455820610532
ipAddress: 78.233.160.94
lastlocation:
  world: world
  x: -1.5
  y: 191.0
  z: 0.5
  yaw: 0.0
  pitch: 0.0
logoutlocation:
  world: world
  x: 1968.322034802471
  y: 101.0
  z: 1852.466967168575
  yaw: -52.049835
  pitch: 7.950019
