timestamps:
  login: 1455397710360
  logout: 1455397739654
ipAddress: 82.122.109.214
lastlocation:
  world: world
  x: -4.5
  y: 189.0
  z: 8.5
  yaw: 0.0
  pitch: 0.0
logoutlocation:
  world: world
  x: 1.2895605564480666
  y: 190.5
  z: 0.6970883724306556
  yaw: -180.16298
  pitch: 13.680644
