timestamps:
  login: 1455214475090
  lastteleport: 1455214549829
  logout: 1455214896003
ipAddress: 81.49.14.154
lastlocation:
  world: world
  x: 2915.472071279485
  y: 65.0
  z: -2453.30662689095
  yaw: -74.15388
  pitch: 9.96097
logoutlocation:
  world: world
  x: 0.2454329913601408
  y: 189.0
  z: -6.114560570336685
  yaw: -357.8747
  pitch: 6.838611
