timestamps:
  login: 1456496915366
  kits:
    octonien: 1455378577898
  logout: 1456497388216
  lastteleport: 1456494977899
ipAddress: 88.181.82.84
lastlocation:
  world: world
  x: 9978.409226121936
  y: 64.0
  z: -614.3878244893542
  yaw: -187.2334
  pitch: 58.196873
homes:
  home:
    world: world
    x: 9976.702357980806
    y: 63.0
    z: -615.0445102998982
    yaw: 4.1408997
    pitch: 38.100002
logoutlocation:
  world: world
  x: 9945.428243447157
  y: 5.0
  z: -627.7199293541627
  yaw: -353.1396
  pitch: 19.418049
uuid: 62ed5769-3058-3355-b6e7-0ee7b9412fbd
