uuid: cb53c159-7e47-3e40-aadc-adb775b70eb7
timestamps:
  login: 1456747672712
  logout: 1456747802234
  kits:
    octonien: 1456747715398
ipAddress: 2.11.60.99
lastlocation:
  world: world
  x: 1.5
  y: 191.0
  z: 1.5
  yaw: 0.0
  pitch: 0.0
logoutlocation:
  world: world
  x: 0.01824782120930235
  y: 190.5
  z: 0.3461496600293048
  yaw: -357.55096
  pitch: 4.1978226
