timestamps:
  login: 1455466436146
  logout: 1455466461288
ipAddress: 86.235.212.179
lastlocation:
  world: world
  x: -4.5
  y: 180.0
  z: -2.5
  yaw: 0.0
  pitch: 0.0
logoutlocation:
  world: world
  x: -2816.300000011921
  y: 91.0
  z: -1427.5215023071926
  yaw: 234.60002
  pitch: 2.1000042
