timestamps:
  login: 1455664790361
  logout: 1455665027749
ipAddress: 64.229.52.89
lastlocation:
  world: world
  x: 2.5
  y: 191.0
  z: 2.5
  yaw: 0.0
  pitch: 0.0
logoutlocation:
  world: world
  x: -0.1575631939449525
  y: 189.0
  z: 6.097743798820247
  yaw: -112.82715
  pitch: 18.679619
