timestamps:
  login: 1455052977348
  logout: 1455053232933
ipAddress: 74.58.157.4
lastlocation:
  world: world
  x: -7.5
  y: 189.0
  z: -0.5
  yaw: 0.0
  pitch: 0.0
logoutlocation:
  world: world
  x: -47.417570472872406
  y: 192.0
  z: 4.564709529823099
  yaw: 355.36035
  pitch: 34.350025
