timestamps:
  login: 1455718225843
  kits:
    octonien: 1455715997315
  lastteleport: 1455716776991
  logout: 1455718104039
ipAddress: 90.6.93.92
lastlocation:
  world: world
  x: 36.891920774006365
  y: 87.0
  z: -114.69999998807907
  yaw: -248.44214
  pitch: 2.406866
logoutlocation:
  world: world
  x: -14.424852691794833
  y: 189.0
  z: -6.404408184170078
  yaw: -101.13376
  pitch: 48.572517
