uuid: 921bda3f-d9ca-353b-9f68-a4484138e4f5
timestamps:
  login: 1456701528418
  logout: 1456701562420
ipAddress: 184.163.211.98
lastlocation:
  world: world
  x: -1.5
  y: 191.0
  z: 1.5
  yaw: 0.0
  pitch: 0.0
logoutlocation:
  world: world
  x: 2.200151553116103
  y: 188.0
  z: 18.108867844436368
  yaw: -19.835363
  pitch: 20.145885
