timestamps:
  login: 1455279259223
  kits:
    octonien: 1455279273524
  logout: 1455279389683
ipAddress: 78.202.116.207
lastlocation:
  world: world
  x: 4.5
  y: 185.0
  z: 3.5
  yaw: 0.0
  pitch: 0.0
logoutlocation:
  world: world
  x: 2.0235561923427836
  y: 190.875
  z: -1.27446338212301
  yaw: -201.14046
  pitch: 62.85
