timestamps:
  login: 1455823073335
  lastteleport: 1455823091340
  logout: 1455823440486
ipAddress: 90.15.105.168
lastlocation:
  world: world
  x: -2865.5
  y: 63.0
  z: 9577.5
  yaw: -20.4
  pitch: -1.35
logoutlocation:
  world: world
  x: -1583.1101241376866
  y: 120.0
  z: 7865.086031611605
  yaw: -1.0689087
  pitch: 1.8949125
uuid: c3f9f8a3-33c2-3508-b894-d8f489f8aaa7
