timestamps:
  login: 1455451052115
  lastteleport: 1455451140568
  logout: 1455451285191
ipAddress: 83.78.19.159
lastlocation:
  world: world
  x: 2257.0209123603145
  y: 71.0
  z: 1415.4884258507684
  yaw: -82.04998
  pitch: 22.200037
logoutlocation:
  world: world
  x: 0.6774621187391968
  y: 187.0
  z: -56.828039606225516
  yaw: -4.363098
  pitch: 19.980633
