uuid: 2500f2d4-aeae-36b3-b826-5a0e4e34b235
timestamps:
  login: 1457283724231
  kits:
    bouffe: 1457174474269
    octonien: 1457285140947
  lastteleport: 1457290192838
  logout: 1457290230686
  mute: 0
ipAddress: 86.206.248.210
lastlocation:
  world: world
  x: -9691.486533367855
  y: 23.0
  z: 140.32636811646537
  yaw: 280.74774
  pitch: 10.528677
homes:
  home:
    world: world
    x: -276.2050514118842
    y: 63.0
    z: -275.06167644439637
    yaw: -79.06244
    pitch: 7.014152
money: '11751.7'
logoutlocation:
  world: world
  x: -275.0592375023638
  y: 63.0
  z: -275.289916242845
  yaw: -351.61264
  pitch: -11.735829
muted: true
