timestamps:
  login: 1457282022095
  kits:
    bouffe: 1457173839961
    heros: 1457289167005
    octonien: 1457289195579
    chevalier: 1457289182721
    xp: 1457289158804
    decouverte: 1457289155398
    legendaire: 1457289173213
  lastteleport: 1457295209017
  logout: 1457295334743
  lastheal: 1457295308900
ipAddress: 85.68.105.251
lastlocation:
  world: world
  x: -0.1686687978199447
  y: 63.0
  z: -9453.699999988079
  yaw: -125.74646
  pitch: 17.817955
homes:
  m:
    world: world
    x: 1874.664356095794
    y: 5.0
    z: -5734.173408906358
    yaw: 331.54465
    pitch: 16.516481
  obsi:
    world: world
    x: 1810.1164087321222
    y: 11.0
    z: 2028.2165394437934
    yaw: -275.78345
    pitch: 18.604101
  mine:
    world: world
    x: -5293.492109411375
    y: 9.0
    z: -2868.6837041186295
    yaw: -355.3418
    pitch: 37.509735
  s:
    world: world
    x: 0.788032753850711
    y: 63.0
    z: -9441.435411572029
    yaw: -181.5886
    pitch: 7.77441
  goule:
    world: world
    x: -2951.934880781572
    y: 14.0
    z: -5502.903887525255
    yaw: -140.56749
    pitch: -16.748384
  home:
    world: world
    x: 3066.4034423198646
    y: 88.0
    z: -6554.018427723929
    yaw: 253.13385
    pitch: 42.574814
logoutlocation:
  world: world
  x: -272.8518855092349
  y: 6.5
  z: 18.30000001192093
  yaw: -346.15656
  pitch: 20.636894
money: '37525.0'
uuid: f8a0583a-d957-3995-8fe2-1d1025e03ffb
