timestamps:
  login: 1455632585774
  logout: 1455633259482
  lastteleport: 1455623503971
  kits:
    bouffe: 1455632802727
    octonien: 1455632735307
ipAddress: 79.95.202.63
lastlocation:
  world: world
  x: -285.37301109314825
  y: 64.0
  z: -108.66403807139902
  yaw: -298.51276
  pitch: 0.59999835
logoutlocation:
  world: world
  x: 13.138651593746559
  y: 189.0
  z: 18.893125072959847
  yaw: -318.9128
  pitch: 23.4306
