uuid: 1d8b0119-73c8-3f2d-afeb-c5041fb08759
timestamps:
  login: 1456598630195
  logout: 1456598896226
ipAddress: 78.208.73.36
lastlocation:
  world: world
  x: -4.5
  y: 189.0
  z: -4.5
  yaw: 0.0
  pitch: 0.0
logoutlocation:
  world: world
  x: 0.01824782120930235
  y: 190.5
  z: 0.3461496600293048
  yaw: -357.40097
  pitch: 4.3478227
