timestamps:
  login: 1455717317994
  lastteleport: 1455476002240
  kits:
    bouffe: 1455717749575
    octonien: 1455717755810
  logout: 1455718159299
ipAddress: 93.27.20.172
lastlocation:
  world: world
  x: -3.699999988079072
  y: 177.0
  z: -0.7624999880790728
  yaw: 144.73698
  pitch: -7.4693213
logoutlocation:
  world: world
  x: -823.565541238349
  y: 4.0
  z: 559.6781934239793
  yaw: 40.32361
  pitch: 61.50005
