timestamps:
  login: 1455549731151
  kits:
    octonien: 1455549754446
  lastteleport: 1455550841154
  logout: 1455551043720
ipAddress: 78.219.216.222
lastlocation:
  world: world
  x: 14.808756410382745
  y: 38.0
  z: -113.59681167393924
  yaw: 162.52173
  pitch: 22.247847
logoutlocation:
  world: world
  x: 0.13290549874023327
  y: 190.5
  z: 0.6625334700997322
  yaw: -181.07172
  pitch: 70.6224
