uuid: 6a56ec9e-3203-313b-8017-8e80fb8e5403
timestamps:
  login: 1456666213917
  logout: 1456666622521
ipAddress: 78.115.68.188
lastlocation:
  world: world
  x: -4.5
  y: 189.0
  z: -4.5
  yaw: 0.0
  pitch: 0.0
logoutlocation:
  world: world
  x: -16.651154013191956
  y: 107.27078602817706
  z: -105.5143696800901
  yaw: 314.44812
  pitch: -68.39999
