timestamps:
  login: 1455377750212
  kits:
    octonien: 1455361516962
  lastteleport: 1455377826768
  logout: 1455377842092
ipAddress: 82.230.18.116
lastlocation:
  world: world
  x: 14.729760188231669
  y: 189.0
  z: -14.584408690374946
  yaw: -0.53138584
  pitch: 8.584527
logoutlocation:
  world: world
  x: -4705.426190237896
  y: 5.0
  z: -4352.699999988079
  yaw: 78.58491
  pitch: 2.4000182
