timestamps:
  login: 1455611103202
  lastteleport: 1455611140802
  logout: 1455612590544
ipAddress: 86.247.102.27
lastlocation:
  world: world
  x: 0.5
  y: 190.5
  z: 0.5
  yaw: -174.31303
  pitch: 49.830635
logoutlocation:
  world: world
  x: 3131.5
  y: 54.5
  z: -1980.699999988079
  yaw: 293.78387
  pitch: 32.946625
