uuid: f5bbb609-90b7-34c0-964f-a3d22cd1469f
timestamps:
  login: 1457302298461
  kits:
    bouffe: 1456940886781
    octonien: 1457299235888
    decouverte: 1457300908599
  logout: 1457306510566
  lastteleport: 1457306202911
  lastheal: 1457306369072
ipAddress: 81.67.224.217
lastlocation:
  world: world
  x: -2150.2044556386345
  y: 26.0
  z: 425.54197165822325
  yaw: -263.85114
  pitch: 6.087148
logoutlocation:
  world: world
  x: 3384.5
  y: 11.0
  z: -2120.5
  yaw: 52.020008
  pitch: 15.149986
homes:
  home:
    world: world
    x: 3384.1730783027506
    y: 11.0
    z: -2120.236222052761
    yaw: 184.31984
    pitch: 39.449966
money: '84.030'
