timestamps:
  login: 1455433619801
  kits:
    octonien: 1455433641104
  logout: 1455434003007
ipAddress: 109.129.157.214
lastlocation:
  world: world
  x: 2.5
  y: 193.0
  z: -2.5
  yaw: 0.0
  pitch: 0.0
logoutlocation:
  world: world
  x: -1386.3629830335972
  y: 60.0
  z: -814.6999999880791
  yaw: -323.9999
  pitch: 22.95001
