uuid: 6f25bd41-8c0c-315d-aadd-26f1be79ea82
timestamps:
  login: 1456158748046
  kits:
    bouffe: 1456158911911
    octonien: 1456158152767
  lastteleport: 1456159382995
  logout: 1456159659654
ipAddress: 82.234.118.79
lastlocation:
  world: world
  x: 23.05966308888222
  y: 22.5
  z: 42.91883892128105
  yaw: 148.61182
  pitch: 0.58099055
homes:
  home:
    world: world
    x: 3459.45665993246
    y: 33.0
    z: -534.3000000119209
    yaw: -212.7978
    pitch: 52.856556
logoutlocation:
  world: world
  x: -4.882540854025961
  y: 187.0
  z: -31.30000001192094
  yaw: -34.977386
  pitch: 6.916588
