uuid: 14d16005-9d4a-306e-a53e-4b6e954128db
timestamps:
  login: 1457027529490
  kits:
    bouffe: 1457027742182
    octonien: 1457027559164
  logout: 1457027830411
ipAddress: 88.178.110.98
lastlocation:
  world: world
  x: -2.5
  y: 189.0
  z: 4.5
  yaw: 0.0
  pitch: 0.0
logoutlocation:
  world: world
  x: 31.69957533871639
  y: 27.0
  z: 0.8122126529025899
  yaw: -271.2433
  pitch: 49.28373
