socialspy: false
timestamps:
  login: 1455553010347
  kits:
    bouffe: 1454863995199
    octonien: 1454863482242
  logout: 1455553045775
  lastteleport: 1454865524482
ipAddress: 78.208.148.19
lastlocation:
  world: world
  x: -291.6102533584777
  y: 39.0
  z: 299.427020014043
  yaw: 243.55533
  pitch: 0.47051352
logoutlocation:
  world: world
  x: 5.168631993540533
  y: 186.0
  z: -4.54433325116403
  yaw: 108.615685
  pitch: 25.597256
homes:
  home:
    world: world
    x: -178.6357911434028
    y: 64.0
    z: 279.6828425042758
    yaw: 81.2702
    pitch: 34.03098
