timestamps:
  login: 1455742750668
  lastteleport: 1455736613402
  logout: 1455742774717
ipAddress: 83.201.110.144
lastlocation:
  world: world
  x: -0.5316688078455627
  y: 190.0
  z: 2.706006019863844
  yaw: -359.41068
  pitch: 1.1623645
logoutlocation:
  world: world
  x: 7238.788754661327
  y: 12.0
  z: 689.7581156113179
  yaw: 73.96029
  pitch: 26.629992
