timestamps:
  login: 1455398335407
  kits:
    octonien: 1455398359495
  logout: 1455398799286
ipAddress: 135.19.226.139
lastlocation:
  world: world
  x: -7.5
  y: 188.0
  z: -5.5
  yaw: 0.0
  pitch: 0.0
logoutlocation:
  world: world
  x: 142.38060543996397
  y: 64.0
  z: -270.9701952417865
  yaw: -82.81274
  pitch: 19.98066
