uuid: bbd2bcdb-5beb-3ef3-a679-ca9fee993833
timestamps:
  login: 1455924053717
  logout: 1455924170830
ipAddress: 86.253.230.148
lastlocation:
  world: world
  x: 6.5
  y: 189.0
  z: -9.5
  yaw: 0.0
  pitch: 0.0
logoutlocation:
  world: world
  x: 2.684264960163255
  y: 190.0
  z: 0.16114055853114234
  yaw: -326.81494
  pitch: 15.93893
