uuid: 578f8380-cff4-33c8-9f51-a2d6bbe70d46
timestamps:
  login: 1456693078498
  kits:
    bouffe: 1456678581656
    octonien: 1456678996505
    decouverte: 1456598034105
  lastteleport: 1456678850373
  logout: 1456693517596
  lastheal: 1456681142429
ipAddress: 88.163.36.13
lastlocation:
  world: world
  x: 2516.1307788042395
  y: 5.0
  z: -3538.276496683794
  yaw: 99.551636
  pitch: 33.604733
money: '2849.865'
homes:
  home:
    world: world
    x: -929.5217337973041
    y: 71.0
    z: -7297.3555920501985
    yaw: 210.2507
    pitch: 25.949863
logoutlocation:
  world: world
  x: 28.365506432963397
  y: 195.0
  z: -19.750933383520486
  yaw: 135.04033
  pitch: 4.647699
