timestamps:
  login: 1455057314861
  logout: 1455057838925
ipAddress: 92.131.213.199
lastlocation:
  world: world
  x: 2.5
  y: 190.0
  z: 0.5
  yaw: 0.0
  pitch: 0.0
logoutlocation:
  world: world
  x: 8.978074048514955
  y: 189.0
  z: 2.4481508438521846
  yaw: 106.80971
  pitch: -2.25002
