timestamps:
  login: 1454970839206
  kits:
    octonien: 1454971012670
  logout: 1454971041059
ipAddress: 70.81.254.38
lastlocation:
  world: world
  x: 7.5
  y: 189.0
  z: 4.5
  yaw: 0.0
  pitch: 0.0
logoutlocation:
  world: world
  x: 5.0444112366212055
  y: 187.0
  z: 5.147201314469484
  yaw: -56.990967
  pitch: 20.4
