timestamps:
  login: 1455632809661
  lastteleport: 1455634969044
  kits:
    octonien: 1455634327381
  logout: 1455635409933
ipAddress: 90.25.23.229
lastlocation:
  world: world
  x: -16.99134731577867
  y: 193.0
  z: -21.29656868958121
  yaw: -5.2628174
  pitch: 17.850021
logoutlocation:
  world: world
  x: 0.9936851542769825
  y: 190.5
  z: -1.1954492738704934
  yaw: -356.4129
  pitch: 22.68062
