timestamps:
  login: 1455641888238
  kits:
    bouffe: 1455642155233
    octonien: 1455641923682
  logout: 1455645157098
ipAddress: 37.161.12.93
lastlocation:
  world: world
  x: -0.5
  y: 189.0
  z: -3.5
  yaw: 0.0
  pitch: 0.0
logoutlocation:
  world: world
  x: -428.4213044217993
  y: 5.0
  z: 41.61177085735892
  yaw: -178.2149
  pitch: 27.600021
