timestamps:
  login: 1454774123808
  logout: 1454774155908
ipAddress: 217.136.16.125
lastlocation:
  world: world
  x: 5.5
  y: 189.0
  z: 1.5
  yaw: 0.0
  pitch: 0.0
logoutlocation:
  world: world
  x: 7.476101579727001E-4
  y: 190.43784062313722
  z: -1.2110580008498495
  yaw: -168.44054
  pitch: 13.3498745
