timestamps:
  login: 1455127014511
  kits:
    octonien: 1455127066970
  logout: 1455127243215
ipAddress: 92.102.122.123
lastlocation:
  world: world
  x: -6.5
  y: 189.0
  z: -1.5
  yaw: 0.0
  pitch: 0.0
logoutlocation:
  world: world
  x: 67.0731729587651
  y: 184.0
  z: -16.019304302078712
  yaw: -309.2904
  pitch: -3.6000671
