timestamps:
  login: 1455490057263
  logout: 1455490080091
ipAddress: 198.144.106.121
lastlocation:
  world: world
  x: 3.5
  y: 188.0
  z: -6.5
  yaw: 0.0
  pitch: 0.0
ban:
  reason: 'Banni : DDOS'
  timeout: 0
logoutlocation:
  world: world
  x: 0.47017731645610183
  y: 189.0
  z: -3.9605904457883483
  yaw: -181.36298
  pitch: 69.78065
