uuid: 78d9b898-ddbb-36d3-8284-1d4a9df7f7bb
timestamps:
  login: 1456917835113
  kits:
    octonien: 1456917852666
  lastteleport: 1456917928302
  logout: 1456918183134
ipAddress: 128.79.51.163
lastlocation:
  world: world
  x: 18.436657056055182
  y: 188.0
  z: 22.60564144533619
  yaw: 42.649017
  pitch: 9.2978325
