timestamps:
  login: 1455278263120
  lastteleport: 1455278763206
  kits:
    octonien: 1455278416128
  logout: 1455278931826
ipAddress: 31.38.9.80
lastlocation:
  world: world
  x: -1.762499988079071
  y: 190.0
  z: -1.601024676615526
  yaw: -82.79056
  pitch: -0.6000134
money: '66.0'
logoutlocation:
  world: world
  x: 6524.904383321272
  y: 5.5
  z: -1954.226139915996
  yaw: 41.338287
  pitch: 7.94994
