socialspy: false
timestamps:
  login: 1457284026288
  kits:
    bouffe: 1457284202254
    octonien: 1457284285793
    chevalier: 1457284192059
  logout: 1457284459143
  lastteleport: 1457284213342
ipAddress: 86.210.52.70
lastlocation:
  world: world
  x: -8701.160673267435
  y: 5.0
  z: -4707.083305811881
  yaw: -168.03218
  pitch: -6.750018
logoutlocation:
  world: world
  x: 12.382879040653217
  y: 189.0
  z: -3.838712271439171
  yaw: -9.400893
  pitch: 23.097809
homes:
  home:
    world: world
    x: -8705.553666747253
    y: 5.0
    z: -4707.43923629892
    yaw: -326.13187
    pitch: 25.199966
money: '1056.60'
uuid: 3eeeff2e-7691-31d8-8d95-026a24a2f4de
