timestamps:
  login: 1455099909833
  logout: 1455100887570
  lastteleport: 1455100586843
ipAddress: 109.89.153.141
lastlocation:
  world: world
  x: 2.4652638586133264
  y: 189.0
  z: 12.675253574376127
  yaw: -140.09856
  pitch: 11.816783
logoutlocation:
  world: world
  x: 1998.300000011921
  y: 21.0
  z: 27.300000011920922
  yaw: -140.32526
  pitch: 17.460567
