uuid: 9d0bb305-76c5-3e6d-bf4e-5369723ce57d
timestamps:
  login: 1456018952258
  lastteleport: 1456020003592
  kits:
    octonien: 1456019013482
  logout: 1456020692071
ipAddress: 176.144.41.156
lastlocation:
  world: world
  x: -116.04308333985325
  y: 5.0
  z: 24.914764780373805
  yaw: 270.33307
  pitch: 5.459659
logoutlocation:
  world: world
  x: 15.979291428728573
  y: 189.0
  z: -0.6039944612018587
  yaw: -270.64917
  pitch: 22.557735
