timestamps:
  login: 1455237871936
  kits:
    bouffe: 1455237904845
    octonien: 1455237886345
  logout: 1455238149736
ipAddress: 66.130.146.2
lastlocation:
  world: world
  x: -9.5
  y: 189.0
  z: 8.5
  yaw: 0.0
  pitch: 0.0
logoutlocation:
  world: world
  x: 3.906755607795037
  y: 189.5
  z: 1.1128288614969273
  yaw: 92.38745
  pitch: 4.9513416
