timestamps:
  login: 1457022564346
  kits:
    bouffe: 1456949250172
    octonien: 1457006155781
    decouverte: 1457006033498
    xp: 1457005993142
  lastteleport: 1457022052975
  logout: 1457022735029
  lastheal: 1457007253393
ipAddress: 109.21.0.8
lastlocation:
  world: world
  x: -0.8426891942523382
  y: 188.0
  z: -35.74102075004062
  yaw: -214.86841
  pitch: 25.448437
homes:
  home:
    world: world
    x: 6241.300000011921
    y: 3.0
    z: 6652.293167632757
    yaw: 232.28706
    pitch: 24.230494
logoutlocation:
  world: world
  x: 5821.300000011921
  y: 5.000065495438099
  z: 2999.8589730763074
  yaw: -3.946167
  pitch: 11.658188
ignore:
- virtu0z_jideon
- haze
money: '564.50'
uuid: 89a45df3-c94c-3a53-a1d7-b9159ebf3ccb
