timestamps:
  login: 1457269148543
  kits:
    bouffe: 1456592565393
    octonien: 1456684848095
  logout: 1457269441781
  lastteleport: 1457269181498
  lastheal: 1456592765925
  mute: 0
ipAddress: 82.249.69.76
lastlocation:
  world: world
  x: -426.4569049492958
  y: 64.0
  z: -205.77894723723693
  yaw: 152.6175
  pitch: 15.519908
logoutlocation:
  world: world
  x: -2058.1068979722018
  y: 5.0
  z: 2049.3376961085896
  yaw: 224.52036
  pitch: -13.256511
homes:
  home:
    world: world
    x: -2060.0368838534005
    y: 5.0
    z: 2051.699999988079
    yaw: 228.0116
    pitch: -9.342074
ignore:
- xtr3mpvp
- neqzteh
- charlie51120
- kylian973
uuid: 5dcf0d4a-d105-358f-b330-40f70ffe36d4
money: '925.0'
muted: false
