uuid: 6fec0266-38db-3e25-8853-efc231954fbb
timestamps:
  login: 1457218905666
  kits:
    octonien: 1457218937021
  logout: 1457219243842
ipAddress: 92.131.182.12
lastlocation:
  world: world
  x: -1.5
  y: 190.0
  z: 3.5
  yaw: 0.0
  pitch: 0.0
logoutlocation:
  world: world
  x: -5.497945561550273
  y: 186.5
  z: 5.530047401065293
  yaw: -121.901184
  pitch: 34.34782
