timestamps:
  login: 1455299285801
  logout: 1455299351307
ipAddress: 78.209.69.1
lastlocation:
  world: world
  x: -6.5
  y: 187.0
  z: -5.5
  yaw: 0.0
  pitch: 0.0
logoutlocation:
  world: world
  x: 1.8629944246585612
  y: 191.0
  z: 3.3104181786418843
  yaw: -136.94098
  pitch: 63.14999
