timestamps:
  login: 1456343798861
  kits:
    bouffe: 1456345253661
    octonien: 1456084242082
    decouverte: 1456341992330
  lastteleport: 1456345274825
  logout: 1456346099374
  lastheal: 1456344267666
  mute: 0
ipAddress: 82.228.9.201
lastlocation:
  world: world
  x: -1578.6125977790082
  y: 6.0
  z: 3619.8558789799968
  yaw: 140.99185
  pitch: -14.099941
homes:
  home:
    world: world
    x: -258.70444936338026
    y: 21.0
    z: -279.8461721592117
    yaw: 122.5119
    pitch: 12.149958
logoutlocation:
  world: world
  x: -246.82621019877627
  y: 25.125
  z: -280.29923930244945
  yaw: 109.46246
  pitch: 15.600008
money: '545.930'
ban:
  reason: Banni temporairement du serveur pour 1 seconde.
  timeout: 0
uuid: d1e445c9-7859-3e1a-ab77-2246a1a40c8d
muted: false
