timestamps:
  login: 1455305478764
  lastteleport: 1455305565865
  logout: 1455309630851
ipAddress: 83.79.254.14
lastlocation:
  world: world
  x: -2.278822350540711
  y: 190.5
  z: -0.08167791545708157
  yaw: -262.96307
  pitch: 37.38058
logoutlocation:
  world: world
  x: -1049.3457911918672
  y: 62.10000002384186
  z: -7295.699999988079
  yaw: -177.14124
  pitch: 56.84979
