timestamps:
  login: 1455702232719
  logout: 1455702734793
  kits:
    bouffe: 1454861575241
    octonien: 1455440365569
    decouverte: 1455434889708
  lastteleport: 1455452137137
  lastheal: 1455452283081
ipAddress: 86.196.255.18
lastlocation:
  world: world
  x: 1.1487917380058525
  y: 190.5
  z: 0.6624154046138468
  yaw: -272.86298
  pitch: 16.530653
logoutlocation:
  world: world
  x: 5095.549880738803
  y: 10.0
  z: -8426.929853231606
  yaw: -60.94812
  pitch: 4.650085
socialspy: false
homes:
  home:
    world: world
    x: 5094.591179056302
    y: 11.0
    z: -8423.759635931996
    yaw: -352.11395
    pitch: 18.601015
money: '2323.00'
