uuid: 7793d1a9-b428-3f7c-b293-e553e20d1aa1
timestamps:
  login: 1457289481414
  kits:
    bouffe: 1457291069701
    octonien: 1457291985038
  lastteleport: 1457292912354
  logout: 1457293081775
  mute: 0
ipAddress: 89.92.22.83
lastlocation:
  world: world
  x: -1386.5
  y: 5.0
  z: 2196.5
  yaw: -101.8181
  pitch: 9.146583
homes:
  home:
    world: world
    x: -1386.2644949492726
    y: 5.0
    z: 2196.699999988079
    yaw: -102.41809
    pitch: 8.396583
logoutlocation:
  world: world
  x: -6687.285563029648
  y: 7.0
  z: -3965.1028045461944
  yaw: -203.07965
  pitch: 18.285883
muted: false
money: '2.75'
