uuid: 316bf355-f8d0-3e7f-84cd-496664586930
timestamps:
  login: 1457012960896
  logout: 1457013129063
ipAddress: 78.195.167.4
lastlocation:
  world: world
  x: -1.5
  y: 189.0
  z: -4.5
  yaw: 0.0
  pitch: 0.0
logoutlocation:
  world: world
  x: -1.2595098479692588
  y: 23.0
  z: -0.050314681794516994
  yaw: -119.50159
  pitch: 64.95001
