timestamps:
  login: 1455469491603
  kits:
    octonien: 1455458537211
  logout: 1455469555957
  lastteleport: 1455458558763
ipAddress: 90.43.182.163
lastlocation:
  world: world
  x: -114.52284144220987
  y: 28.0
  z: -27.609387641991884
  yaw: -36.373657
  pitch: 90.0
logoutlocation:
  world: world
  x: 0.13290549874023327
  y: 190.5
  z: 0.6625334700997322
  yaw: -114.393364
  pitch: 23.644794
