uuid: b8dc93de-8404-3926-aef4-252a139fa3b7
timestamps:
  login: 1456503346992
  logout: 1456503754200
ipAddress: 85.168.143.103
lastlocation:
  world: world
  x: -4.5
  y: 189.0
  z: -3.5
  yaw: 0.0
  pitch: 0.0
logoutlocation:
  world: world
  x: 0.07095534948920276
  y: 47.0
  z: 0.5113349442470423
  yaw: -255.54973
  pitch: 50.399982
