uuid: 635ac0cc-0c10-3c88-a64d-a70569769708
timestamps:
  login: 1455891213387
  logout: 1455891319362
ipAddress: 84.102.137.151
lastlocation:
  world: world
  x: 1.5
  y: 191.0
  z: 1.5
  yaw: 0.0
  pitch: 0.0
logoutlocation:
  world: world
  x: 3.0538597846772815
  y: 187.0
  z: 56.57333192552526
  yaw: -358.61172
  pitch: 8.091845
