timestamps:
  login: 1457106717792
  logout: 1457107964268
  kits:
    bouffe: 1456595641379
    heros: 1456590164600
    octonien: 1456595875082
    chevalier: 1456590169051
  lastteleport: 1456595636990
  lastheal: 1456336249010
ipAddress: 94.224.18.150
lastlocation:
  world: world
  x: 2291.425000011921
  y: 59.0
  z: -1795.425000011921
  yaw: -307.88843
  pitch: 90.0
logoutlocation:
  world: world
  x: -32.30000001192093
  y: 201.1661092609382
  z: 26.508698461702526
  yaw: -96.55429
  pitch: 83.69999
homes:
  nb:
    world: world
    x: 2289.2441106899673
    y: 67.0
    z: -1802.012631934284
    yaw: -188.33173
    pitch: 36.14994
  b:
    world: world
    x: 2288.649509207243
    y: 94.0
    z: -1792.6265394466993
    yaw: 209.00653
    pitch: 89.399994
  s:
    world: world
    x: 4298.104139377727
    y: 66.0
    z: -4168.537499738984
    yaw: -168.12933
    pitch: 9.450251
  ally:
    world: world
    x: -8234.890557773731
    y: 6.0
    z: -81.31748758939179
    yaw: -234.93341
    pitch: 14.4000225
money: '6.0'
uuid: 7729aa2d-42eb-3e55-8554-2ec50653045e
