timestamps:
  login: 1455488807643
  logout: 1455488862361
  mute: 0
ipAddress: 90.62.69.187
lastlocation:
  world: world
  x: 2.5
  y: 193.0
  z: 3.5
  yaw: 0.0
  pitch: 0.0
logoutlocation:
  world: world
  x: 15.751850352881569
  y: 194.0
  z: 61.0793113897561
  yaw: -15.416221
  pitch: 33.33865
muted: false
ban:
  reason: 'Banni : DDOS'
  timeout: 0
