uuid: 0d24b562-0422-3d2a-9b06-c475d8d4b401
timestamps:
  login: 1455924645028
  logout: 1455924659287
ipAddress: 83.143.240.4
lastlocation:
  world: world
  x: -2.94999998807907
  y: 191.0
  z: -1.9499999880790708
  yaw: -224.41504
  pitch: 79.93743
logoutlocation:
  world: world
  x: -4041.6241074667405
  y: 108.43617004156113
  z: -3865.466383189475
  yaw: -214.96075
  pitch: 49.949997
