timestamps:
  login: 1455215057174
  kits:
    bouffe: 1455215076903
    octonien: 1455215088198
  logout: 1455215222494
ipAddress: 89.83.83.170
lastlocation:
  world: world
  x: 6.5
  y: 189.0
  z: -8.5
  yaw: 0.0
  pitch: 0.0
logoutlocation:
  world: world
  x: -1.1060627848280289
  y: 189.0
  z: 11.2857985549463
  yaw: 60.6635
  pitch: 10.105196
