timestamps:
  login: 1455357403846
  kits:
    octonien: 1454968032972
  logout: 1455358848037
  lastteleport: 1455358772334
ipAddress: 87.64.19.128
lastlocation:
  world: world
  x: 0.13290549874023327
  y: 190.5
  z: 0.6625334700997322
  yaw: -205.41782
  pitch: 87.58301
logoutlocation:
  world: world
  x: 1971.9639287171944
  y: 5.972367988235472
  z: -5809.769105885757
  yaw: 287.96106
  pitch: 26.850006
