timestamps:
  login: 1455312372861
  logout: 1455312431350
ipAddress: 81.243.61.2
lastlocation:
  world: world
  x: -4.5
  y: 187.0
  z: -5.5
  yaw: 0.0
  pitch: 0.0
logoutlocation:
  world: world
  x: -0.5882769376552701
  y: 190.0
  z: -1.9529886834719479
  yaw: 69.17973
  pitch: 30.49919
