uuid: b4c762bf-62b6-3994-a2d3-28c8b2a9b4eb
timestamps:
  login: 1457031972598
  logout: 1457032071741
ipAddress: 198.144.106.198
lastlocation:
  world: world
  x: 4.5
  y: 187.0
  z: 3.5
  yaw: 0.0
  pitch: 0.0
ban:
  reason: 'Banni : Le marteau du bannissement a frappé !'
  timeout: 0
logoutlocation:
  world: world
  x: -23.80453460597228
  y: 193.5
  z: 13.057760739273888
  yaw: -342.10052
  pitch: -8.702189
