timestamps:
  login: 1454962622652
  lastteleport: 1454962986146
  logout: 1454963904020
ipAddress: 78.225.14.21
lastlocation:
  world: world
  x: 3.576748377402093
  y: 189.0
  z: 11.559368271179647
  yaw: -182.18896
  pitch: 14.486883
logoutlocation:
  world: world
  x: -8788.880414367804
  y: 12.0
  z: -4748.237500011921
  yaw: -224.22768
  pitch: 39.889885
