timestamps:
  login: 1457179708865
  logout: 1457195509887
  kits:
    bouffe: 1457191046954
    octonien: 1457193905723
    decouverte: 1457182495756
  lastteleport: 1457194284633
  lastheal: 1457195435528
  mute: 0
ipAddress: 77.152.6.17
lastlocation:
  world: world
  x: 98.9228482568813
  y: 57.0
  z: -2580.2829117363517
  yaw: -31.080658
  pitch: 12.089904
logoutlocation:
  world: world
  x: -2327.3931587135935
  y: 13.0
  z: -4131.090488211317
  yaw: 239.55695
  pitch: 87.44999
socialspy: false
homes:
  home:
    world: world
    x: -2322.0818467288227
    y: 33.0
    z: -4135.051956715765
    yaw: 88.96405
    pitch: -1.6936495
money: '45.64'
uuid: 93efd3d5-cb35-3559-bc6b-6f396303560a
muted: true
