uuid: dfe2297b-a747-3c46-b797-a3b54fdf9558
timestamps:
  login: 1457302674792
  lastteleport: 1457292396188
  kits:
    octonien: 1457292065742
  mute: 0
  logout: 1457302720018
ipAddress: 70.51.40.79
lastlocation:
  world: world
  x: 4057.088732309655
  y: 64.0
  z: 5101.758426428967
  yaw: 271.57373
  pitch: 24.299982
homes:
  home:
    world: world
    x: 3868.438232002762
    y: 76.0
    z: 4999.4869993947195
    yaw: 287.92395
    pitch: 23.699986
muted: false
logoutlocation:
  world: world
  x: 2940.300000011921
  y: 4.0
  z: 2951.3365349469104
  yaw: 170.89308
  pitch: 38.850018
