timestamps:
  login: 1455401164121
  logout: 1455401597967
ipAddress: 109.222.71.35
lastlocation:
  world: world
  x: -7.5
  y: 189.0
  z: -0.5
  yaw: 0.0
  pitch: 0.0
logoutlocation:
  world: world
  x: -5.601732666242683
  y: 189.0
  z: 1.5860162464267422
  yaw: 220.49414
  pitch: 23.580572
