uuid: 6ff17317-fecb-3fe0-ae7a-fe1c335704b1
timestamps:
  login: 1456679446045
  logout: 1456679748474
ipAddress: 2.4.106.187
lastlocation:
  world: world
  x: -0.5
  y: 189.0
  z: -3.5
  yaw: 0.0
  pitch: 0.0
logoutlocation:
  world: world
  x: 0.5
  y: 190.5
  z: 0.5
  yaw: -357.55096
  pitch: 4.1978226
