timestamps:
  login: 1455700427757
  logout: 1455700731165
ipAddress: 90.62.69.187
lastlocation:
  world: world
  x: 7.5
  y: 189.0
  z: -0.5
  yaw: 0.0
  pitch: 0.0
logoutlocation:
  world: world
  x: 0.8184933915386601
  y: 189.0
  z: 13.15557480699999
  yaw: -113.58306
  pitch: 9.679598
