timestamps:
  login: 1455200420544
  kits:
    octonien: 1455200462986
  logout: 1455200757068
ipAddress: 90.58.244.24
lastlocation:
  world: world
  x: 3.5
  y: 190.0
  z: -2.5
  yaw: 0.0
  pitch: 0.0
logoutlocation:
  world: world
  x: -0.07650790082225645
  y: 190.5
  z: 0.5082654282270697
  yaw: -180.92326
  pitch: 74.78405
