uuid: f1f48abd-e80b-3bdc-9652-ade66b9e1c8c
timestamps:
  login: 1457270420563
  kits:
    bouffe: 1457117763352
    octonien: 1457270434104
  lastteleport: 1457270957756
  logout: 1457271046363
  mute: 0
ipAddress: 82.226.76.222
lastlocation:
  world: world
  x: -4.030038253283094
  y: 185.5
  z: 3.4493252259117444
  yaw: -40.15099
  pitch: 78.74998
homes:
  home:
    world: world
    x: 0.5
    y: 190.60799999237065
    z: 0.5
    yaw: -357.55096
    pitch: 4.1978226
logoutlocation:
  world: world
  x: -8.652991446593276
  y: 189.0
  z: -13.49784722624146
  yaw: 178.54906
  pitch: 20.84783
muted: false
money: '43.25'
