timestamps:
  login: 1454825839006
  kits:
    octonien: 1454825882408
  logout: 1454825975105
ipAddress: 81.250.133.56
lastlocation:
  world: world
  x: 1.5
  y: 189.0
  z: 6.5
  yaw: 0.0
  pitch: 0.0
logoutlocation:
  world: world
  x: 5.777668631276899
  y: 189.0
  z: -1.6302155133944227
  yaw: -298.22897
  pitch: 12.563726
socialspy: false
