timestamps:
  login: 1455448135891
  logout: 1455448396438
  kits:
    octonien: 1455448188308
ipAddress: 86.192.164.123
lastlocation:
  world: world
  x: 7.5
  y: 189.0
  z: 3.5
  yaw: 0.0
  pitch: 0.0
logoutlocation:
  world: world
  x: 1.7472721634991002
  y: 189.0
  z: -13.905424880453566
  yaw: 9.014638
  pitch: 7.8220067
