uuid: 6fd0f30e-7ff1-388d-b3e9-c9f51577d4da
timestamps:
  login: 1457106296432
  logout: 1457106308058
ipAddress: 90.26.95.11
lastlocation:
  world: world
  x: -1.5
  y: 206.0
  z: 0.5
  yaw: 0.0
  pitch: 0.0
logoutlocation:
  world: world
  x: -1.1319214617852704
  y: 189.0
  z: 13.618028627277434
  yaw: -178.60095
  pitch: 17.997824
