uuid: b0ca5472-df50-3f16-9c49-41455551e507
timestamps:
  login: 1457024634747
  logout: 1457029079191
  kits:
    bouffe: 1456778115648
    octonien: 1457019614455
  lastteleport: 1457029032832
  lastheal: 1457028867392
ipAddress: 78.240.51.141
lastlocation:
  world: world
  x: -1814.1406147739415
  y: 68.0
  z: -1230.825377848989
  yaw: -231.7064
  pitch: 40.467026
homes:
  home:
    world: world
    x: -798.4329539582901
    y: 249.875
    z: -3999.4241147516314
    yaw: 90.179504
    pitch: 89.347305
logoutlocation:
  world: world
  x: 147.98385176147178
  y: 53.0
  z: 285.30000001192093
  yaw: 22.0302
  pitch: 50.3892
money: '1088.0'
