timestamps:
  login: 1455462914205
  kits:
    octonien: 1455462954640
  logout: 1455463043125
ipAddress: 86.208.144.187
lastlocation:
  world: world
  x: 1.5
  y: 189.0
  z: 8.5
  yaw: 0.0
  pitch: 0.0
logoutlocation:
  world: world
  x: -0.7953701750571223
  y: 190.5
  z: 0.7325133558038468
  yaw: -197.113
  pitch: 7.530624
