uuid: e399b327-117e-3990-b4dd-5fe5e6484024
timestamps:
  login: 1456912649776
  logout: 1456912888943
ipAddress: 86.208.210.173
lastlocation:
  world: world
  x: -3.5
  y: 190.0
  z: 0.5
  yaw: 0.0
  pitch: 0.0
logoutlocation:
  world: world
  x: -2808.2325424289834
  y: 64.0
  z: 2054.0467539887823
  yaw: 92.69993
  pitch: 9.150092
