uuid: dd3c099d-2304-39b3-a29c-5b1ceb3854b2
timestamps:
  login: 1456255975645
  lastteleport: 1456256827994
  logout: 1456257247719
  kits:
    bouffe: 1456083583047
    octonien: 1456254437944
ipAddress: 92.91.26.147
lastlocation:
  world: world
  x: 2260.2364291260524
  y: 6.0
  z: -1517.3448016612012
  yaw: -141.20412
  pitch: 16.83133
logoutlocation:
  world: world
  x: -0.14090013897333264
  y: 190.5
  z: 0.48611282218956364
  yaw: -270.64917
  pitch: 22.857735
homes:
  home:
    world: world
    x: 1763.4171166133533
    y: 26.0
    z: -1237.1814358589834
    yaw: 135.19695
    pitch: 20.624176
money: '884.75'
