timestamps:
  login: 1455381680746
  kits:
    octonien: 1455380658729
  logout: 1455383445895
ipAddress: 79.94.198.39
lastlocation:
  world: world
  x: -5.5
  y: 187.0
  z: -5.5
  yaw: 0.0
  pitch: 0.0
logoutlocation:
  world: world
  x: -18.156457222275026
  y: 190.0
  z: 6.409086180248972
  yaw: -274.68112
  pitch: 64.7004
