timestamps:
  login: 1455011431072
  logout: 1455011567811
ipAddress: 93.14.242.135
lastlocation:
  world: world
  x: 6.5
  y: 189.0
  z: -6.5
  yaw: 0.0
  pitch: 0.0
logoutlocation:
  world: world
  x: 0.5715313436725544
  y: 189.0
  z: -4.838006178921328
  yaw: -99.740425
  pitch: 24.449986
