timestamps:
  login: 1455046725172
  kits:
    bouffe: 1455045071897
    octonien: 1455045087466
  logout: 1455046832598
ipAddress: 90.53.112.28
lastlocation:
  world: world
  x: -1.5
  y: 190.0
  z: -2.5
  yaw: 0.0
  pitch: 0.0
logoutlocation:
  world: world
  x: 83.37265904675212
  y: 29.0
  z: -1.0694897820097444
  yaw: -78.952515
  pitch: -2.6999972
