timestamps:
  login: 1455569497970
  lastteleport: 1455571497170
  kits:
    bouffe: 1455569779517
    octonien: 1455569824069
  logout: 1455571099215
ipAddress: 77.152.100.84
lastlocation:
  world: world
  x: -0.24102680473755297
  y: 189.0
  z: -7.459543296070737
  yaw: -180.26575
  pitch: -0.76210713
