timestamps:
  login: 1455391388306
  kits:
    octonien: 1455391402222
  logout: 1455392455077
ipAddress: 90.4.191.149
lastlocation:
  world: world
  x: 6.5
  y: 189.0
  z: 3.5
  yaw: 0.0
  pitch: 0.0
logoutlocation:
  world: world
  x: 2043.8719655733364
  y: 64.0
  z: 143.52728119653494
  yaw: -9.633802
  pitch: 14.549991
