uuid: 5d91687b-7b20-30d0-8697-608b0461fa13
timestamps:
  login: 1456053647816
  kits:
    bouffe: 1456053667094
    octonien: 1456053654091
  lastteleport: 1456053800559
ipAddress: 78.198.215.28
lastlocation:
  world: world
  x: -105.26800004999195
  y: 28.0
  z: -6.904215515005045
  yaw: -86.83496
  pitch: 1.6040688
