timestamps:
  login: 1455631800242
  logout: 1455631845694
ipAddress: 82.234.156.53
lastlocation:
  world: world
  x: 8.5
  y: 189.0
  z: -3.5
  yaw: 0.0
  pitch: 0.0
logoutlocation:
  world: world
  x: -3.917329123853136
  y: 180.0
  z: 3.4056868948080012
  yaw: -259.0629
  pitch: 34.380646
