timestamps:
  login: 1454954343362
  kits:
    octonien: 1454954421779
  logout: 1454954447781
ipAddress: 81.53.45.125
lastlocation:
  world: world
  x: -3.5
  y: 189.0
  z: -8.5
  yaw: 0.0
  pitch: 0.0
logoutlocation:
  world: world
  x: -1.068965670883403
  y: 189.0
  z: -13.088162333782165
  yaw: -160.13475
  pitch: 36.4701
