uuid: ebd92a95-9279-3ff4-8621-56818a7df20a
timestamps:
  login: 1455882132675
  kits:
    bouffe: 1455813373729
    octonien: 1455882321796
  lastteleport: 1455882985406
  logout: 1455883320892
  mute: 0
ipAddress: 88.169.218.11
lastlocation:
  world: world
  x: -3813.3527422475972
  y: 14.0
  z: -9163.875859328333
  yaw: -53.6532
  pitch: 22.94425
logoutlocation:
  world: world
  x: -1659.4010847527811
  y: 16.0
  z: -7543.312914737515
  yaw: -197.29993
  pitch: 15.243272
homes:
  home:
    world: world
    x: -1656.4842030341063
    y: 16.0
    z: -7545.578672221481
    yaw: -257.3183
    pitch: 11.842006
muted: true
ban:
  reason: Banni temporairement du serveur pour 2 heures.
  timeout: 1455890523225
