socialspy: false
timestamps:
  login: 1455366229064
  kits:
    bouffe: 1455365280526
    heros: 1455301343194
    octonien: 1455124416074
    chevalier: 1455295616389
    construction: 1455362372129
    legendaire: 1455362540775
  lastteleport: 1455367444198
  logout: 1455367537067
  lastheal: 1455363152428
ipAddress: 2.5.110.193
lastlocation:
  world: world
  x: 6881.274858684106
  y: 11.0
  z: 845.3000000119209
  yaw: 39.694946
  pitch: 15.422438
logoutlocation:
  world: world
  x: 6641.746751173223
  y: 42.0
  z: 977.591232059497
  yaw: -213.63023
  pitch: 15.144573
homes:
  home:
    world: world
    x: 6879.934818951387
    y: 11.0
    z: 845.9163650969451
    yaw: 29.584229
    pitch: 8.061819
money: '7.0'
