timestamps:
  login: 1455050279690
  logout: 1455050299748
ipAddress: 78.125.221.222
lastlocation:
  world: world
  x: -3.5
  y: 189.0
  z: -7.5
  yaw: 0.0
  pitch: 0.0
logoutlocation:
  world: world
  x: -0.5075164315057918
  y: 190.0
  z: -1.7899900872087158
  yaw: -184.9643
  pitch: 63.65468
