uuid: 237db09b-909a-3697-a45c-8e9075447cf1
timestamps:
  login: 1457166521675
  lastteleport: 1457166554899
  logout: 1457166654289
  kits:
    bouffe: 1456656110020
    octonien: 1457026194103
  mute: 0
ipAddress: 92.137.166.233
lastlocation:
  world: world
  x: 5.699999988079072
  y: 187.5
  z: -2.5705828189117796
  yaw: -61.750156
  pitch: 19.949999
logoutlocation:
  world: world
  x: -8214.576914982781
  y: 75.0
  z: -5624.385406329806
  yaw: -202.50002
  pitch: 35.700043
money: '876.030'
homes:
  home:
    world: world
    x: -8260.972060630234
    y: 63.0
    z: -5618.745684902567
    yaw: -157.20012
    pitch: 55.950012
muted: false
