timestamps:
  login: 1455213088874
  kits:
    bouffe: 1455213316045
    octonien: 1455213252755
  logout: 1455213325554
ipAddress: 85.170.113.130
lastlocation:
  world: world
  x: -7.5
  y: 188.0
  z: -2.5
  yaw: 0.0
  pitch: 0.0
logoutlocation:
  world: world
  x: -1.7471107617926886
  y: 187.0
  z: 64.27663528088736
  yaw: -351.27493
  pitch: 36.749256
