uuid: 99886eef-ca2e-3a8c-bd1f-3991b0d13724
timestamps:
  login: 1455754971748
  logout: 1455755041898
ipAddress: 78.234.48.30
lastlocation:
  world: world
  x: -1.5
  y: 191.0
  z: 1.5
  yaw: 0.0
  pitch: 0.0
logoutlocation:
  world: world
  x: -1.3564855860790077
  y: 189.0
  z: -6.733576787795922
  yaw: -138.09836
  pitch: -10.204914
