uuid: 91ac2ff2-59e7-3322-83f4-67209cb4fc15
timestamps:
  login: 1457037282467
  logout: 1457037370433
ipAddress: 86.206.137.69
lastlocation:
  world: world
  x: 1.5
  y: 190.0
  z: 3.5
  yaw: 0.0
  pitch: 0.0
logoutlocation:
  world: world
  x: 1.5215870956951236
  y: 43.0
  z: 8.170249779412535
  yaw: -2.8010094
  pitch: -4.95
