uuid: c6f9af52-5d60-3fcb-b41a-ff87fad5d8dd
timestamps:
  login: 1456344971886
  logout: 1456345029140
ipAddress: 82.240.58.180
lastlocation:
  world: world
  x: 0.5
  y: 191.0
  z: 1.5
  yaw: 0.0
  pitch: 0.0
logoutlocation:
  world: world
  x: -1576.8785710243767
  y: 75.0
  z: -2906.083012006385
  yaw: 298.65045
  pitch: 33.207184
