uuid: cee46fd5-763d-30a2-a037-4c19c747824d
timestamps:
  login: 1456672592751
  logout: 1456672657772
  lastteleport: 1456672639263
ipAddress: 92.139.81.4
lastlocation:
  world: world
  x: 15.631662203240111
  y: 189.0
  z: -14.59683221823485
  yaw: -102.9492
  pitch: 10.407738
logoutlocation:
  world: world
  x: -2679.468865606327
  y: 5.0
  z: 5677.740800713781
  yaw: -25.356747
  pitch: 12.1499815
