timestamps:
  login: 1455354859841
  logout: 1455355144181
ipAddress: 90.50.212.13
lastlocation:
  world: world
  x: -5.5
  y: 186.0
  z: -4.5
  yaw: 0.0
  pitch: 0.0
logoutlocation:
  world: world
  x: 2134.023291811678
  y: 68.3122737884017
  z: 1039.9493405148253
  yaw: -207.90001
  pitch: 12.149994
