uuid: 6dc3ee52-2566-32ec-baf2-a110dbc7a6cd
timestamps:
  login: 1455988531683
  logout: 1455988816857
ipAddress: 86.207.253.169
lastlocation:
  world: world
  x: 6.5
  y: 189.0
  z: 3.5
  yaw: 0.0
  pitch: 0.0
logoutlocation:
  world: world
  x: -0.15149414773544356
  y: 189.5
  z: 3.377416724987248
  yaw: -358.08307
  pitch: 6.679597
