timestamps:
  login: 1455133981565
  kits:
    octonien: 1455133998347
  lastteleport: 1455134149297
ipAddress: 78.240.4.179
lastlocation:
  world: world
  x: 2.0298916943787217
  y: 178.0
  z: -1.2311994193294984
  yaw: -187.53331
  pitch: 49.310795
