timestamps:
  login: 1455540929227
  kits:
    octonien: 1455536789362
  logout: 1455541639136
ipAddress: 199.188.236.99
lastlocation:
  world: world
  x: 0.5
  y: 189.0
  z: -8.5
  yaw: 0.0
  pitch: 0.0
logoutlocation:
  world: world
  x: 5.146762231400601
  y: 189.0
  z: -34.13764651063477
  yaw: 7.4878845
  pitch: 9.480465
