timestamps:
  login: 1455451416736
  logout: 1455451510458
ipAddress: 83.78.19.159
lastlocation:
  world: world
  x: -4.5
  y: 187.0
  z: 7.5
  yaw: 0.0
  pitch: 0.0
logoutlocation:
  world: world
  x: 3.640347610319547
  y: 189.0
  z: -20.778708803811597
  yaw: -358.81287
  pitch: 14.280645
