socialspy: false
timestamps:
  login: 1454859581362
  logout: 1454859744900
ipAddress: 176.154.194.5
lastlocation:
  world: world
  x: -0.05640325665323345
  y: 191.0
  z: 0.06084168811078994
  yaw: -178.79053
  pitch: 16.049873
logoutlocation:
  world: world
  x: -10.431353151553443
  y: 189.0
  z: 0.7247676506613108
  yaw: 182.09999
  pitch: 16.949997
