uuid: adecdd91-1648-336b-9696-2ee4ac3b1199
timestamps:
  login: 1457282654104
  logout: 1457282956054
ipAddress: 109.129.106.45
lastlocation:
  world: world
  x: -4.5
  y: 189.0
  z: -1.5
  yaw: 0.0
  pitch: 0.0
logoutlocation:
  world: world
  x: 0.5
  y: 190.5
  z: 0.5
  yaw: -357.55096
  pitch: 4.1978226
