timestamps:
  login: 1455358871223
  kits:
    bouffe: 1455358880075
    octonien: 1455358877335
  lastteleport: 1455358903257
  logout: 1455358915780
ipAddress: 92.145.145.170
lastlocation:
  world: world
  x: 4.0642884246329265
  y: 189.5
  z: 0.2031381747665225
  yaw: 36.73704
  pitch: 13.230637
logoutlocation:
  world: world
  x: 1816.4676763180362
  y: 5.0
  z: 1409.300000011921
  yaw: 81.296486
  pitch: 22.050125
