timestamps:
  login: 1455737864490
  logout: 1455737924121
ipAddress: 90.17.44.190
lastlocation:
  world: world
  x: 7.5
  y: 188.0
  z: -5.5
  yaw: 0.0
  pitch: 0.0
logoutlocation:
  world: world
  x: 13.210015503766527
  y: 189.5
  z: -26.468158187552525
  yaw: -148.38309
  pitch: 45.679596
