timestamps:
  login: 1455057824333
  logout: 1455057846449
ipAddress: 85.27.28.52
lastlocation:
  world: world
  x: 4.5
  y: 189.0
  z: -0.5
  yaw: 0.0
  pitch: 0.0
logoutlocation:
  world: world
  x: -1.527431314249649
  y: 189.5
  z: -2.615987151698486
  yaw: -191.69044
  pitch: 25.349993
