uuid: 8435efb9-c7a8-36ab-b538-abc320c75f95
timestamps:
  login: 1456648912446
  lastteleport: 1456654903310
  kits:
    bouffe: 1456648942084
    octonien: 1456648931963
  logout: 1456655458331
ipAddress: 89.157.63.176
lastlocation:
  world: world
  x: -20.30000001192093
  y: 64.0
  z: -273.28876826227105
  yaw: 85.24158
  pitch: 28.05001
homes:
  home:
    world: world
    x: -31.06829618686823
    y: 64.0
    z: -281.3231781796288
    yaw: 11.441467
    pitch: 15.749982
money: '500.0'
logoutlocation:
  world: world
  x: -20.30000001192093
  y: 64.0
  z: -273.28876826227105
  yaw: 69.79158
  pitch: 57.75001
