timestamps:
  login: 1455356033874
  lastteleport: 1455356106148
  logout: 1455356812728
ipAddress: 86.193.65.198
lastlocation:
  world: world
  x: 1.2277058871921294
  y: 190.5
  z: 0.9163520502777068
  yaw: -53.713196
  pitch: 4.5000105
homes:
  home:
    world: world
    x: 5236.092656747887
    y: 66.0
    z: 2001.3176916148143
    yaw: 163.80013
    pitch: -26.250006
logoutlocation:
  world: world
  x: 5587.152926032932
  y: 64.0
  z: 2067.576835988726
  yaw: -316.05002
  pitch: 2.4000058
