uuid: b973da16-820c-3929-a577-89921fc29fb1
timestamps:
  login: 1457282562174
  logout: 1457282616210
ipAddress: 86.213.73.69
lastlocation:
  world: world
  x: -1.5
  y: 206.0
  z: 0.5
  yaw: 0.0
  pitch: 0.0
logoutlocation:
  world: world
  x: 0.5459687357186566
  y: 189.0
  z: 7.3186457003892595
  yaw: -2.81073
  pitch: 11.252896
