timestamps:
  login: 1455637110671
  kits:
    octonien: 1455637412271
  logout: 1455637555818
ipAddress: 90.47.79.82
lastlocation:
  world: world
  x: 0.3000000119209289
  y: 189.0
  z: 0.3000000119209289
  yaw: 127.63702
  pitch: 40.500004
logoutlocation:
  world: world
  x: 22.300000011920936
  y: 22.0
  z: -22.748498057963438
  yaw: 160.64911
  pitch: -9.000003
