uuid: 948d8400-c563-3352-9921-92c15882e22b
timestamps:
  login: 1457304702984
  logout: 1457304792927
ipAddress: 176.182.225.233
lastlocation:
  world: world
  x: -2.5
  y: 189.0
  z: 4.5
  yaw: 0.0
  pitch: 0.0
logoutlocation:
  world: world
  x: 2.8056458808823503
  y: 23.0
  z: 0.21777761859927908
  yaw: -266.352
  pitch: 17.547777
