uuid: 5272156e-09f6-3c60-b3e5-6e36eb32ede5
timestamps:
  login: 1456402997563
  logout: 1456403109712
ipAddress: 86.223.4.177
lastlocation:
  world: world
  x: 0.5
  y: 190.0
  z: 3.5
  yaw: 0.0
  pitch: 0.0
logoutlocation:
  world: world
  x: -272.925134577701
  y: 64.0
  z: -62.44946772930105
  yaw: -188.1536
  pitch: 21.507757
