timestamps:
  login: 1455553333059
  lastteleport: 1455303225243
  logout: 1455553689558
ipAddress: 92.154.221.109
lastlocation:
  world: world
  x: -2.0049094103893497
  y: 189.0
  z: -4.21519625106868
  yaw: -114.31287
  pitch: 2.130658
logoutlocation:
  world: world
  x: 5.7879983009782325
  y: 22.5
  z: -12.443966836722616
  yaw: -162.87036
  pitch: 5.5500226
