timestamps:
  login: 1455964680713
  kits:
    bouffe: 1455908982231
    octonien: 1455903813423
    decouverte: 1455964723254
  lastteleport: 1455964924410
  logout: 1455964927611
  lastheal: 1455909301442
ipAddress: 93.0.1.173
lastlocation:
  world: world
  x: 1934.7827275390218
  y: 73.5
  z: -2803.8485022628183
  yaw: -83.7414
  pitch: -1.5000066
logoutlocation:
  world: world
  x: -0.5
  y: 190.5
  z: 0.5
  yaw: -358.23306
  pitch: 6.829597
homes:
  home:
    world: world
    x: 2016.300000011921
    y: 5.0
    z: -3424.31061922916
    yaw: -93.97909
    pitch: 3.744709
money: '190.0'
uuid: 1ada4a79-8c06-37eb-b50c-2079e0e3c33d
