timestamps:
  login: 1455403833403
  logout: 1455403929897
ipAddress: 82.244.123.202
lastlocation:
  world: world
  x: 5.5
  y: 187.0
  z: 6.5
  yaw: 0.0
  pitch: 0.0
logoutlocation:
  world: world
  x: 17.73639187833434
  y: 189.0
  z: -1.8430173781048091
  yaw: -285.5028
  pitch: 5.7253985
