timestamps:
  login: 1455361978202
  kits:
    octonien: 1455360794170
  logout: 1455362652186
ipAddress: 92.129.105.14
lastlocation:
  world: world
  x: 8.5
  y: 189.0
  z: -0.5
  yaw: 0.0
  pitch: 0.0
logoutlocation:
  world: world
  x: 16.59191950258899
  y: 189.0
  z: -12.897450671860142
  yaw: -140.11307
  pitch: 0.78062874
