socialspy: false
timestamps:
  login: 1454841317587
  kits:
    bouffe: 1454841384984
    octonien: 1454841378391
  logout: 1454841409748
ipAddress: 87.64.33.57
lastlocation:
  world: world
  x: -0.05640325665323345
  y: 191.0
  z: 0.06084168811078994
  yaw: -178.79053
  pitch: 16.049873
logoutlocation:
  world: world
  x: -1.7115979442811953
  y: 26.0
  z: -57.27834835954614
  yaw: -249.14053
  pitch: 13.949904
