timestamps:
  login: 1455741893251
  logout: 1455741948295
ipAddress: 78.231.192.106
lastlocation:
  world: world
  x: 4.5
  y: 186.0
  z: -1.5
  yaw: 0.0
  pitch: 0.0
logoutlocation:
  world: world
  x: -3.865983556816604
  y: 189.0
  z: 13.225480442386841
  yaw: -294.322
  pitch: 24.314705
