timestamps:
  login: 1455572013209
  logout: 1455572048369
ipAddress: 70.55.103.253
lastlocation:
  world: world
  x: -0.5
  y: 190.0
  z: -2.5
  yaw: 0.0
  pitch: 0.0
logoutlocation:
  world: world
  x: 0.4814987151767127
  y: 189.0
  z: -3.365415575979963
  yaw: -156.87419
  pitch: 38.885822
