uuid: 2c929f87-5231-380a-9133-605bd7652ea9
timestamps:
  login: 1456533842701
  kits:
    bouffe: 1456534547490
    octonien: 1456533871817
  logout: 1456534937384
ipAddress: 109.134.6.61
lastlocation:
  world: world
  x: 0.5
  y: 190.0
  z: -1.5
  yaw: 0.0
  pitch: 0.0
logoutlocation:
  world: world
  x: 350.28698847495406
  y: 76.0
  z: 531.8090944534109
  yaw: 334.18268
  pitch: 10.477989
