timestamps:
  login: 1455221596105
  logout: 1455221618342
ipAddress: 77.147.155.170
lastlocation:
  world: world
  x: -1.5
  y: 191.0
  z: 1.5
  yaw: 0.0
  pitch: 0.0
logoutlocation:
  world: world
  x: 1.140113950402492
  y: 189.0
  z: -10.95091268848828
  yaw: -169.19049
  pitch: 23.25
