timestamps:
  login: 1454773823907
  logout: 1454773853407
ipAddress: 90.5.98.35
lastlocation:
  world: world
  x: 7.5
  y: 187.0
  z: -2.5
  yaw: 0.0
  pitch: 0.0
logoutlocation:
  world: world
  x: -0.05640325665323345
  y: 191.0
  z: 0.06084168811078994
  yaw: -178.79053
  pitch: 16.049873
