uuid: cd7b7abd-6e8f-375c-9163-8186a1fd6986
timestamps:
  login: 1457125819578
  logout: 1457125865987
ipAddress: 88.126.107.27
lastlocation:
  world: world
  x: 0.5
  y: 207.0
  z: 1.5
  yaw: 0.0
  pitch: 0.0
logoutlocation:
  world: world
  x: 7.426360053010564
  y: 189.0
  z: 4.427196308233078
  yaw: -29.500427
  pitch: 8.9978285
