uuid: b530bc92-eb6d-3b1e-8713-3b2631fffb7b
timestamps:
  login: 1456416944094
  logout: 1456417179636
ipAddress: 105.102.147.253
lastlocation:
  world: world
  x: 0.5
  y: 190.0
  z: 2.5
  yaw: 0.0
  pitch: 0.0
logoutlocation:
  world: world
  x: -0.14090013897333264
  y: 190.5
  z: 0.48611282218956364
  yaw: -270.64917
  pitch: 22.857735
