timestamps:
  login: 1455190796709
  kits:
    octonien: 1455175391614
  lastteleport: 1455190806108
  logout: 1455191601392
ipAddress: 195.132.22.182
lastlocation:
  world: world
  x: 90.82087134605617
  y: 29.0
  z: 58.20018282225583
  yaw: 25.078308
  pitch: 10.874767
logoutlocation:
  world: world
  x: -13.624402684505263
  y: 189.0
  z: -4.629435574889147
  yaw: -269.3725
  pitch: -8.58828
