uuid: f6dd1320-4fac-3a4b-8f35-edf55e258506
timestamps:
  login: 1457285496556
  lastteleport: 1457292593710
  kits:
    bouffe: 1457291921623
    octonien: 1457280698278
    chevalier: 1457286986680
  logout: 1457292788596
ipAddress: 78.118.234.86
lastlocation:
  world: world
  x: 2120.7415501837568
  y: 5.0
  z: 4117.971368229746
  yaw: 95.129425
  pitch: 0.22660798
homes:
  home:
    world: world
    x: 2085.52236929005
    y: 12.0
    z: 4259.701341980243
    yaw: -102.47009
    pitch: 22.27754
  farm:
    world: world
    x: 2255.210478695648
    y: 63.0
    z: 4648.602280388082
    yaw: 271.0794
    pitch: 47.91387
money: '1271.00'
logoutlocation:
  world: world
  x: 2258.7186881373727
  y: 63.0
  z: 4644.7329316708065
  yaw: -173.33778
  pitch: 54.749966
