timestamps:
  login: 1454775292924
  logout: 1454775303324
ipAddress: 89.156.23.181
lastlocation:
  world: world
  x: -9.5
  y: 189.0
  z: 0.5
  yaw: 0.0
  pitch: 0.0
logoutlocation:
  world: world
  x: 6.034720024315233
  y: 190.1707870772188
  z: -22.90363027246776
  yaw: -12.9549265
  pitch: 11.71558
