uuid: 03b26f49-fe68-3707-917d-b146a87ea023
timestamps:
  login: 1456765748458
  kits:
    octonien: 1456765767965
  logout: 1456765849754
ipAddress: 79.88.200.13
lastlocation:
  world: world
  x: 4.5
  y: 189.0
  z: -0.5
  yaw: 0.0
  pitch: 0.0
logoutlocation:
  world: world
  x: 0.01824782120930235
  y: 190.5
  z: 0.3461496600293048
  yaw: -357.55096
  pitch: 4.4978228
