timestamps:
  login: 1455210992570
  kits:
    bouffe: 1455211151074
    octonien: 1455211014686
  lastteleport: 1455211215482
  logout: 1455211713677
ipAddress: 89.90.141.79
lastlocation:
  world: world
  x: 112.55893605809663
  y: 61.0
  z: -288.69999998807907
  yaw: -299.69064
  pitch: -34.34992
logoutlocation:
  world: world
  x: 20.61580601019462
  y: 188.0
  z: -21.79725396350693
  yaw: -152.69054
  pitch: 51.300003
