timestamps:
  login: 1455483633428
  kits:
    bouffe: 1455483672053
    octonien: 1455483666964
  logout: 1455483942266
ipAddress: 90.8.92.116
lastlocation:
  world: world
  x: 2.5
  y: 189.0
  z: -6.5
  yaw: 0.0
  pitch: 0.0
logoutlocation:
  world: world
  x: 2.7138611422078993
  y: 187.0
  z: -47.58682449824347
  yaw: -176.21301
  pitch: 23.68798
