uuid: 009f0cac-364b-3f7d-a19b-07daf93baa4e
timestamps:
  login: 1455836696758
  kits:
    octonien: 1455836727272
  lastteleport: 1455836933459
  logout: 1455839768114
ipAddress: 109.219.228.140
lastlocation:
  world: world
  x: -4217.696490778
  y: 22.0
  z: 8335.52144928827
  yaw: -242.74298
  pitch: 6.450013
