timestamps:
  login: 1456245818041
  kits:
    bouffe: 1455728993735
    octonien: 1456246164719
    decouverte: 1456246190331
  logout: 1456246204515
  lastteleport: 1456246142202
  lastheal: 1455727639014
ipAddress: 88.167.57.15
lastlocation:
  world: world
  x: -18.40262908786673
  y: 193.0
  z: -20.106372371956923
  yaw: -73.02881
  pitch: 53.70207
homes:
  home:
    world: world
    x: -3199.762330866739
    y: 252.875
    z: -5247.237500011921
    yaw: -90.0495
    pitch: 8.470398
logoutlocation:
  world: world
  x: -3197.3517170516498
  y: 252.875
  z: -5248.097939077135
  yaw: -187.5522
  pitch: 71.697426
money: '20.4'
uuid: 5c22c303-c403-3101-9deb-e4fd8562ede6
