timestamps:
  login: 1455461758485
  lastteleport: 1455461792553
  kits:
    octonien: 1455461797638
  logout: 1455461819679
ipAddress: 91.177.237.13
lastlocation:
  world: world
  x: -1.2309493398650824
  y: 189.5
  z: -3.2039048530723537
  yaw: -168.01295
  pitch: 39.930653
logoutlocation:
  world: world
  x: 9.013243189263404
  y: 5.0
  z: 3045.0119536484804
  yaw: 25.876556
  pitch: -78.15002
