timestamps:
  login: 1455072062041
  lastteleport: 1455070002838
  kits:
    bouffe: 1455070339648
    octonien: 1455064667873
  logout: 1455072153648
ipAddress: 88.172.188.144
lastlocation:
  world: world
  x: -1001.7178159440841
  y: 77.0
  z: -2866.300000011921
  yaw: -351.19897
  pitch: 46.049984
logoutlocation:
  world: world
  x: -207.38998602031157
  y: 37.0
  z: 83.12960498074865
  yaw: -356.4475
  pitch: 85.1454
