uuid: 7fed48bb-b30c-322f-91e8-a81baba07a8f
timestamps:
  login: 1456047928264
  lastteleport: 1456047978174
  logout: 1456054180207
ipAddress: 94.224.18.150
lastlocation:
  world: world
  x: 15.353245846980645
  y: 189.0
  z: 3.0228217086730744
  yaw: -78.949005
  pitch: 23.75775
