socialspy: false
timestamps:
  login: 1454778698191
  logout: 1454778720233
ipAddress: 86.198.63.30
lastlocation:
  world: world
  x: -0.05640325665323345
  y: 191.0
  z: 0.06084168811078994
  yaw: -178.79053
  pitch: 16.049873
logoutlocation:
  world: world
  x: -0.05640325665323344
  y: 191.0
  z: 0.06084168811078994
  yaw: -178.79053
  pitch: 16.049873
