uuid: 864b930f-78ae-33b0-8cbe-50ae64ac7225
timestamps:
  login: 1456059501492
  kits:
    bouffe: 1456060509511
    octonien: 1456059536703
  lastteleport: 1456060558532
  logout: 1456060901178
ipAddress: 88.166.62.78
lastlocation:
  world: world
  x: -100.55346488310293
  y: 5.0
  z: 917.6999999880791
  yaw: 182.04303
  pitch: 88.79999
logoutlocation:
  world: world
  x: -1117.359925032603
  y: 73.0
  z: 760.4623174127628
  yaw: 41.344505
  pitch: 87.899994
