uuid: 00bef198-0547-325d-b9e6-568935daa74f
timestamps:
  login: 1457213857505
  kits:
    bouffe: 1456693730092
    octonien: 1456693735741
    decouverte: 1456693757140
  lastteleport: 1456859060515
  logout: 1457213936790
  lastheal: 1456762414474
ipAddress: 82.242.2.76
lastlocation:
  world: world
  x: -4724.630502373389
  y: 70.0
  z: -961.9547436621629
  yaw: 284.1119
  pitch: -30.000015
homes:
  home:
    world: world
    x: -7642.486175470756
    y: 22.0
    z: -2420.526288689366
    yaw: 120.578064
    pitch: 17.25
logoutlocation:
  world: world
  x: -12.796104357712263
  y: 189.0
  z: 0.9645062759539362
  yaw: 314.83118
  pitch: 14.5122595
money: '9894.00'
