timestamps:
  login: 1456568302935
  kits:
    heros: 1456564990794
    bouffe: 1455275306490
    octonien: 1456565176936
    chevalier: 1456565031617
    decouverte: 1456565137814
    xp: 1456565101020
    legendaire: 1456564901675
  lastteleport: 1456569823659
  logout: 1456571549566
  lastheal: 1455363210375
ipAddress: 86.219.187.188
lastlocation:
  world: world
  x: 2955.109423713075
  y: 71.0
  z: -45.64726433495409
  yaw: 9.450317
  pitch: 26.399956
logoutlocation:
  world: world
  x: 2914.6267128292056
  y: 6.0
  z: -64.44368306157334
  yaw: 270.37842
  pitch: 12.749964
homes:
  b:
    world: world
    x: 388.4816165125746
    y: 43.0
    z: 1990.9180162534774
    yaw: 273.81702
    pitch: 11.302411
  m:
    world: world
    x: 2503.300000011921
    y: 4.0
    z: 6354.184005802051
    yaw: 94.28113
    pitch: 32.550133
  b2:
    world: world
    x: 2922.3641329607267
    y: 67.875
    z: -58.660430871199296
    yaw: 89.47821
    pitch: 15.75001
  x:
    world: world
    x: 1533.5819244873446
    y: 72.0
    z: -1458.2429752654962
    yaw: 275.84995
    pitch: 15.750011
  ap:
    world: world
    x: 17.267411090471185
    y: 5.0
    z: -284.36753939682006
    yaw: -1.6500108
    pitch: 12.449995
money: '4268.0'
uuid: 56d64499-cde0-3076-bf4d-0b7428f7e36f
