timestamps:
  login: 1455886327649
  kits:
    bouffe: 1455887822558
    octonien: 1455887798330
    decouverte: 1455887841438
  lastteleport: 1455888972435
  logout: 1455889162844
  lastheal: 1455889022225
ipAddress: 207.134.242.48
lastlocation:
  world: world
  x: -7366.703340521445
  y: 73.0
  z: -1297.308186739609
  yaw: 225.29996
  pitch: 42.150055
homes:
  home:
    world: world
    x: -7364.622239112123
    y: 73.0
    z: -1294.701683204013
    yaw: 123.89997
    pitch: 68.100044
logoutlocation:
  world: world
  x: -2877.2042354979326
  y: 73.0
  z: -2431.4999721103395
  yaw: -59.10006
  pitch: 84.9
money: '299.5'
uuid: c9bcb7a6-7518-3310-972e-d0c9aec5e35e
