uuid: fb719bae-6043-35bb-89f1-12be61910360
timestamps:
  login: 1456683500795
  kits:
    bouffe: 1456574270669
    octonien: 1456571991979
  lastteleport: 1456574794460
  logout: 1456683803313
ipAddress: 2.6.99.118
lastlocation:
  world: world
  x: -1647.8806973801804
  y: 3.0
  z: 1573.8248549730445
  yaw: -328.22278
  pitch: -57.45603
homes:
  home:
    world: world
    x: -1647.0582971511117
    y: 3.0
    z: 1573.4172545711613
    yaw: 129.54353
    pitch: 50.323116
logoutlocation:
  world: world
  x: 173.30000001192093
  y: 5.0
  z: 4201.165504333704
  yaw: -351.2024
  pitch: -2.4218469
