timestamps:
  login: 1455659881509
  lastteleport: 1455665448194
  kits:
    octonien: 1455660237898
  logout: 1455665587826
ipAddress: 86.228.7.245
lastlocation:
  world: world
  x: 1379.8760008924146
  y: 67.0
  z: -1638.0376968508203
  yaw: -30.5354
  pitch: 21.599953
logoutlocation:
  world: world
  x: 2920.9993175125096
  y: 14.875
  z: -69.41106306730042
  yaw: 118.03784
  pitch: 85.50002
