timestamps:
  login: 1455630937339
  logout: 1455631278595
ipAddress: 82.216.138.107
lastlocation:
  world: world
  x: -9.5
  y: 189.0
  z: 5.5
  yaw: 0.0
  pitch: 0.0
logoutlocation:
  world: world
  x: 2472.0821043822275
  y: 85.0
  z: -1247.1861344821866
  yaw: -268.04987
  pitch: 40.950012
