timestamps:
  login: 1455130485071
  logout: 1455130787770
ipAddress: 90.45.146.28
lastlocation:
  world: world
  x: 5.5
  y: 186.0
  z: -2.5
  yaw: 0.0
  pitch: 0.0
logoutlocation:
  world: world
  x: -0.5
  y: 190.5
  z: 0.5
  yaw: -180.44048
  pitch: 81.74999
