timestamps:
  login: 1454945725814
  logout: 1454945727714
ipAddress: 90.54.44.206
lastlocation:
  world: world
  x: 1.5
  y: 194.0
  z: 4.5
  yaw: 0.0
  pitch: 0.0
logoutlocation:
  world: world
  x: -0.05640325665323345
  y: 191.0
  z: 0.06084168811078994
  yaw: -178.79053
  pitch: 16.049873
