uuid: bce6080c-3833-311e-acf7-567dc55487b5
timestamps:
  login: 1456860176749
  kits:
    bouffe: 1456849859738
    octonien: 1456849844352
  logout: 1456860187735
ipAddress: 109.213.193.193
lastlocation:
  world: world
  x: -1.5
  y: 189.0
  z: -4.5
  yaw: 0.0
  pitch: 0.0
homes:
  home:
    world: world
    x: 2368.699999988079
    y: 73.0
    z: 2174.3733181973234
    yaw: -81.93798
    pitch: 22.163502
logoutlocation:
  world: world
  x: -12.203839664162235
  y: 189.0
  z: 11.626934521682013
  yaw: -358.55838
  pitch: 16.17509
