timestamps:
  login: 1456056826674
  kits:
    octonien: 1456056848099
  logout: 1456057248821
ipAddress: 81.62.9.203
lastlocation:
  world: world
  x: 0.5
  y: 189.0
  z: -7.5
  yaw: 0.0
  pitch: 0.0
logoutlocation:
  world: world
  x: 69.61089462573449
  y: 40.0
  z: 411.8220278023809
  yaw: 353.5962
  pitch: 19.958382
uuid: 0fd113ce-3ce2-35df-8b7c-595aadeb7eba
