timestamps:
  login: 1455057529760
  logout: 1455058044290
  lastteleport: 1455058036183
ipAddress: 92.136.16.14
lastlocation:
  world: world
  x: 67.27903544344007
  y: 44.0
  z: -207.603811466765
  yaw: -201.95584
  pitch: 8.82111
logoutlocation:
  world: world
  x: -3369.2202166811644
  y: 71.0
  z: 1251.699999988079
  yaw: -170.57483
  pitch: 21.700855
