timestamps:
  login: 1455714858141
  kits:
    octonien: 1455714931389
  lastteleport: 1455715983231
  logout: 1455716285118
ipAddress: 81.65.26.165
lastlocation:
  world: world
  x: -33.31049195659929
  y: 25.0
  z: 79.81274798795559
  yaw: -168.95093
  pitch: 50.249954
logoutlocation:
  world: world
  x: -0.5
  y: 190.5
  z: 0.5
  yaw: -358.23306
  pitch: 6.829597
