timestamps:
  login: 1455142699433
  kits:
    octonien: 1455142732554
  logout: 1455143114318
ipAddress: 74.58.159.77
lastlocation:
  world: world
  x: -8.5
  y: 189.0
  z: 4.5
  yaw: 0.0
  pitch: 0.0
logoutlocation:
  world: world
  x: 9.705934506066079
  y: 189.0
  z: 20.315286467571028
  yaw: -95.690674
  pitch: 2.1000705
