timestamps:
  login: 1454779855861
  logout: 1454779834345
ipAddress: 88.174.56.24
lastlocation:
  world: world
  x: -3.5
  y: 189.0
  z: 9.5
  yaw: 0.0
  pitch: 0.0
logoutlocation:
  world: world
  x: -0.05640325665323345
  y: 191.0
  z: 0.06084168811078994
  yaw: -178.79053
  pitch: 16.049873
socialspy: false
