timestamps:
  login: 1455460565259
  kits:
    octonien: 1455460589978
  logout: 1455460768451
ipAddress: 77.129.237.28
lastlocation:
  world: world
  x: 2.5
  y: 189.0
  z: -8.5
  yaw: 0.0
  pitch: 0.0
logoutlocation:
  world: world
  x: 0.2077981624329761
  y: 189.0
  z: 11.68503689319436
  yaw: -217.81305
  pitch: 39.930695
