timestamps:
  login: 1455366284840
  lastteleport: 1455366426378
  logout: 1455366465531
ipAddress: 86.204.31.25
lastlocation:
  world: world
  x: 20.567043095913753
  y: 189.0
  z: -5.009615048547646
  yaw: -109.8929
  pitch: 42.683407
logoutlocation:
  world: world
  x: -8.976375588258229
  y: 189.0
  z: -4.848180209963752
  yaw: -191.62442
  pitch: 40.537693
