socialspy: false
timestamps:
  login: 1454843356553
  kits:
    octonien: 1454843406362
ipAddress: 78.119.133.18
lastlocation:
  world: world
  x: -0.05640325665323345
  y: 191.0
  z: 0.06084168811078994
  yaw: -178.79053
  pitch: 16.049873
