socialspy: false
timestamps:
  login: 1456688608483
  logout: 1456691198720
  kits:
    bouffe: 1456690520673
    heros: 1456690491966
    octonien: 1456663199428
    chevalier: 1456683653344
    decouverte: 1456686421904
    legendaire: 1456690486722
    golden: 1456690393630
  lastteleport: 1456690964232
  lastheal: 1456691197291
  mute: 0
ipAddress: 92.136.227.39
lastlocation:
  world: world
  x: 3490.300000011921
  y: 64.5
  z: 4322.300000011921
  yaw: 136.022
  pitch: 11.581745
homes:
  ap2:
    world: world
    x: 293.7549325594254
    y: 78.0
    z: -258.4769138147245
    yaw: 168.13512
    pitch: 14.399984
  pillage2:
    world: world
    x: 2815.57780486239
    y: 35.0
    z: 3812.4243903085685
    yaw: 21.09163
    pitch: 1.3499947
  bp:
    world: world
    x: 3125.300000011921
    y: 67.875
    z: 4986.699999988079
    yaw: 225.1973
    pitch: 1.7834849
  desert:
    world: world
    x: 1793.7994271073323
    y: 68.0
    z: 2445.053065503415
    yaw: 225.30017
    pitch: 12.900047
logoutlocation:
  world: world
  x: 3485.816667081859
  y: 68.0
  z: 4312.820913036556
  yaw: 180.47003
  pitch: 23.313877
money: '31.0'
uuid: b8a42fd9-7b22-3c3b-a14c-2dbc2cb725af
muted: false
