uuid: 3b147c3c-d360-3b97-bba1-ffe7b49c1e49
timestamps:
  login: 1457026675364
  kits:
    bouffe: 1456857950243
    octonien: 1456857945727
  logout: 1457026801811
  lastteleport: 1456858985205
  lastheal: 1456693153261
  mute: 0
ipAddress: 82.237.251.160
lastlocation:
  world: world
  x: -1028.8602085540952
  y: 14.0
  z: -2114.9597383470677
  yaw: 19.292751
  pitch: 12.463455
logoutlocation:
  world: world
  x: 8.068014992529477
  y: 189.0
  z: 3.0544818767951907
  yaw: -52.151215
  pitch: -8.249998
homes:
  home:
    world: world
    x: 4272.530651716066
    y: 77.0
    z: -2041.3359694442026
    yaw: -14.557983
    pitch: 23.39999
muted: false
