timestamps:
  login: 1455631097614
  lastteleport: 1455631146269
  logout: 1455631808175
ipAddress: 92.142.212.250
lastlocation:
  world: world
  x: -0.7423131166667324
  y: 177.0
  z: 0.2852741471902927
  yaw: -254.71321
  pitch: 8.849985
logoutlocation:
  world: world
  x: -24.93616668356357
  y: 204.0
  z: 44.86161399654982
  yaw: -257.25824
  pitch: 36.630516
