timestamps:
  login: 1455212768837
  kits:
    octonien: 1455212795412
  logout: 1455212952059
ipAddress: 90.35.174.218
lastlocation:
  world: world
  x: 7.5
  y: 188.0
  z: 7.5
  yaw: 0.0
  pitch: 0.0
logoutlocation:
  world: world
  x: 1.381693617300753
  y: 190.5
  z: 1.8225038719881441
  yaw: -100.340454
  pitch: 15.4499855
