timestamps:
  login: 1455219307814
  kits:
    bouffe: 1455219336612
    octonien: 1455218519596
  logout: 1455219602190
ipAddress: 109.88.142.35
lastlocation:
  world: world
  x: 2.5
  y: 189.0
  z: 7.5
  yaw: 0.0
  pitch: 0.0
logoutlocation:
  world: world
  x: -861.7809373119895
  y: 63.0
  z: 23.571232556635312
  yaw: -231.74188
  pitch: 19.800009
