timestamps:
  login: 1455289679109
  kits:
    bouffe: 1455290068028
    octonien: 1455289690349
  logout: 1455290363982
  lastteleport: 1455290134989
ipAddress: 92.90.173.55
lastlocation:
  world: world
  x: -1.331137059702994
  y: 190.5
  z: -0.2904718969137276
  yaw: -27.44049
  pitch: 86.84997
logoutlocation:
  world: world
  x: -2.6621788451949344
  y: 189.0
  z: -5.333226797422263
  yaw: -244.04057
  pitch: 29.099964
