timestamps:
  login: 1455628584097
  logout: 1455628622822
ipAddress: 89.83.167.140
lastlocation:
  world: world
  x: -6.5
  y: 189.0
  z: 9.5
  yaw: 0.0
  pitch: 0.0
logoutlocation:
  world: world
  x: 0.5146119613200426
  y: 190.5
  z: 0.7147250619408183
  yaw: -180.31299
  pitch: 84.33065
