timestamps:
  login: 1455651066069
  kits:
    octonien: 1455650583316
  logout: 1455651166112
ipAddress: 78.236.109.151
lastlocation:
  world: world
  x: 0.5
  y: 189.0
  z: -9.5
  yaw: 0.0
  pitch: 0.0
logoutlocation:
  world: world
  x: -0.10419698426024669
  y: 190.5
  z: -0.4269119644241816
  yaw: 171.8669
  pitch: 53.32959
