uuid: 59381f33-7793-3f8d-a7c4-6e5740fa6acf
timestamps:
  login: 1456066537886
  kits:
    bouffe: 1455896775796
    octonien: 1455903958434
  logout: 1456066673664
  lastteleport: 1456066577918
  mute: 0
ipAddress: 109.215.201.217
lastlocation:
  world: world
  x: 15.125737425586374
  y: 189.0
  z: -13.79360349281759
  yaw: -126.93306
  pitch: 28.429598
logoutlocation:
  world: world
  x: 1109.7613920673061
  y: 61.0
  z: 2285.217629455893
  yaw: 44.437317
  pitch: 78.59999
muted: true
money: '717.75'
homes:
  home:
    world: world
    x: 1109.1774304260646
    y: 47.0
    z: 2289.3626783097907
    yaw: 133.08752
    pitch: -5.099999
