timestamps:
  login: 1455228481128
  kits:
    bouffe: 1455228722768
    octonien: 1455228489212
  lastteleport: 1455228840670
  logout: 1455229094830
ipAddress: 109.17.2.106
lastlocation:
  world: world
  x: -74.36546505748326
  y: 58.0
  z: -280.74787897790435
  yaw: -69.9279
  pitch: 3.3464994
logoutlocation:
  world: world
  x: -0.07650790082225645
  y: 190.5
  z: 0.5082654282270697
  yaw: -53.998627
  pitch: 32.00224
