uuid: 6c1a2c7d-6ba5-3504-9a8a-aedf1bfad516
timestamps:
  login: 1456491665738
  kits:
    octonien: 1456491712699
  logout: 1456491761650
ipAddress: 90.32.242.225
lastlocation:
  world: world
  x: -0.5
  y: 190.0
  z: -2.5
  yaw: 0.0
  pitch: 0.0
logoutlocation:
  world: world
  x: -1.2737051206374694
  y: 187.0
  z: 49.92387405012724
  yaw: -1.5221252
  pitch: 4.7651434
