uuid: bcb24997-ccca-3604-a63c-784fdcf504aa
timestamps:
  login: 1455915972448
  logout: 1455915980768
ipAddress: 176.190.116.84
lastlocation:
  world: world
  x: 7.5
  y: 189.0
  z: 3.5
  yaw: 0.0
  pitch: 0.0
logoutlocation:
  world: world
  x: -1.2488264047321547
  y: 190.0
  z: 3.2149436740257373
  yaw: -356.58307
  pitch: 6.379597
