uuid: c842862e-e5f1-3c73-acdd-e695c6eb41f2
timestamps:
  login: 1456408413050
  kits:
    bouffe: 1456408429983
    octonien: 1456407718912
  lastteleport: 1456408428578
  logout: 1456408505962
ipAddress: 90.62.1.96
lastlocation:
  world: world
  x: 527.8325362664905
  y: 72.0
  z: -486.933209022488
  yaw: -158.10626
  pitch: 34.18102
homes:
  home:
    world: world
    x: 529.5
    y: 72.0
    z: -488.5
    yaw: 93.29371
    pitch: 80.08102
logoutlocation:
  world: world
  x: 159.2334658059867
  y: 26.0
  z: 132.60326548795297
  yaw: 168.85037
  pitch: -6.0922546
ban:
  reason: 'Banni : Bon Cheat'
  timeout: 0
