uuid: 2ea67eba-ce31-3303-8b8c-4f4b9e0463a2
timestamps:
  login: 1457176456995
  logout: 1457176649668
ipAddress: 176.156.109.146
lastlocation:
  world: world
  x: 4.5
  y: 187.0
  z: -4.5
  yaw: 0.0
  pitch: 0.0
logoutlocation:
  world: world
  x: -2573.721786879407
  y: 64.0
  z: -2523.490502997717
  yaw: -267.90125
  pitch: 7.2000256
