timestamps:
  login: 1455133581522
  kits:
    octonien: 1455133635711
  lastteleport: 1455133670762
ipAddress: 86.194.81.205
lastlocation:
  world: world
  x: -0.5052615020540543
  y: 190.5
  z: -1.0041904942916469
  yaw: -181.0405
  pitch: -6.3000064
homes:
  home:
    world: world
    x: 539.415090941286
    y: 6.0
    z: -5313.4306580376415
    yaw: 354.21628
    pitch: 12.162321
