timestamps:
  login: 1455012020724
  logout: 1455012405492
ipAddress: 2.9.180.35
lastlocation:
  world: world
  x: 3.5
  y: 188.0
  z: 5.5
  yaw: 0.0
  pitch: 0.0
logoutlocation:
  world: world
  x: -1.7502338916543685
  y: 177.0
  z: 1.246899308951705
  yaw: -330.7412
  pitch: 22.649992
