uuid: 14fd090b-37aa-3cd8-8f69-b3735a061e49
timestamps:
  login: 1456955855294
  logout: 1456956361491
ipAddress: 62.147.212.214
lastlocation:
  world: world
  x: -0.5
  y: 191.0
  z: -0.5
  yaw: 0.0
  pitch: 0.0
logoutlocation:
  world: world
  x: 1400.0478222462098
  y: 72.0
  z: 2072.113365110858
  yaw: 0.14999408
  pitch: 20.550007
