timestamps:
  login: 1454937729660
  kits:
    octonien: 1454937822759
  logout: 1454937906772
ipAddress: 82.67.80.95
lastlocation:
  world: world
  x: -7.5
  y: 188.0
  z: 7.5
  yaw: 0.0
  pitch: 0.0
logoutlocation:
  world: world
  x: -20.577050241346864
  y: 188.0
  z: 10.927441055073121
  yaw: -29.51587
  pitch: 4.6865015
