timestamps:
  login: 1455163521925
  kits:
    octonien: 1455163549824
  logout: 1455163748507
ipAddress: 96.23.104.93
lastlocation:
  world: world
  x: -0.5
  y: 209.0
  z: 3.5
  yaw: 0.0
  pitch: 0.0
logoutlocation:
  world: world
  x: 1.0439282612505718
  y: 189.0
  z: -13.055964807955299
  yaw: -201.06873
  pitch: 14.840573
