timestamps:
  login: 1455391032880
  kits:
    bouffe: 1455391544579
    octonien: 1455391228450
  logout: 1455391868809
ipAddress: 88.160.210.221
lastlocation:
  world: world
  x: -2.5
  y: 191.0
  z: 2.5
  yaw: 0.0
  pitch: 0.0
logoutlocation:
  world: world
  x: 4.89705440812336
  y: 189.0
  z: -28.150044779478897
  yaw: -184.03423
  pitch: 6.655555
