uuid: f22e2780-e0d9-3ad4-8d23-1ff3b80424e6
timestamps:
  login: 1456179101984
  logout: 1456179141004
ipAddress: 178.51.239.132
lastlocation:
  world: world
  x: -1.5
  y: 191.0
  z: -0.5
  yaw: 0.0
  pitch: 0.0
logoutlocation:
  world: world
  x: -5.524246593184606
  y: 189.0
  z: 2.6541531128714695
  yaw: -316.99918
  pitch: 57.207733
