socialspy: false
timestamps:
  login: 1455193902386
  kits:
    bouffe: 1455194234937
    octonien: 1455194168689
  logout: 1455194798340
  lastteleport: 1455194916505
  mute: 0
ipAddress: 90.34.212.90
lastlocation:
  world: world
  x: -364.6542180829415
  y: 64.0
  z: 4008.345308736812
  yaw: -14.399637
  pitch: 0.29999983
logoutlocation:
  world: world
  x: 646.4083776625125
  y: 4.0
  z: 5362.542957557126
  yaw: 303.75064
  pitch: 43.500015
homes:
  home:
    world: world
    x: 1651.5229468106556
    y: 5.0
    z: 2798.0262100653813
    yaw: 93.3007
    pitch: 17.550009
muted: false
money: '455.0'
