timestamps:
  login: 1455303258404
  logout: 1455304599959
ipAddress: 88.140.160.164
lastlocation:
  world: world
  x: -8.5
  y: 189.0
  z: -1.5
  yaw: 0.0
  pitch: 0.0
logoutlocation:
  world: world
  x: 15.376267391412572
  y: 189.0
  z: 4.287839120259415
  yaw: 272.3871
  pitch: 14.730662
