timestamps:
  login: 1455721434277
  lastteleport: 1455721631383
  kits:
    bouffe: 1455721712346
    octonien: 1455721705085
  logout: 1455721935214
ipAddress: 92.129.114.18
lastlocation:
  world: world
  x: 1993.9294398986383
  y: 5.0
  z: 1577.4567824130497
  yaw: 122.68926
  pitch: 35.700005
logoutlocation:
  world: world
  x: -0.8192457034594273
  y: 189.0
  z: 4.305137085438774
  yaw: -155.28305
  pitch: 13.579597
