socialspy: false
timestamps:
  login: 1454868785860
  logout: 1454868803060
ipAddress: 81.49.69.64
lastlocation:
  world: world
  x: -0.05640325665323345
  y: 191.0
  z: 0.06084168811078994
  yaw: -178.79053
  pitch: 16.049873
logoutlocation:
  world: world
  x: -0.05640325665323344
  y: 191.0
  z: 0.06084168811078994
  yaw: -177.44054
  pitch: 16.949873
