timestamps:
  login: 1455376792051
  kits:
    octonien: 1455375961875
  logout: 1455379544389
  lastteleport: 1455379303465
ipAddress: 88.185.238.30
lastlocation:
  world: world
  x: 31.453751359488486
  y: 193.0
  z: -37.937017332079904
  yaw: 4.9081974
  pitch: 65.82915
logoutlocation:
  world: world
  x: 3820.1630735258805
  y: 62.5
  z: 712.3059139046194
  yaw: 97.95915
  pitch: -43.200027
