timestamps:
  login: 1456336679415
  kits:
    bouffe: 1455459747647
    octonien: 1455477556591
  logout: 1456338022187
  lastteleport: 1456337889344
ipAddress: 83.115.71.82
lastlocation:
  world: world
  x: -2635.347324608117
  y: 32.0
  z: -2900.4823572867745
  yaw: 44.149895
  pitch: 28.650087
homes:
  home:
    world: world
    x: 3116.5834360677723
    y: 50.0
    z: 2108.904281056061
    yaw: -75.825165
    pitch: 1.0499842
logoutlocation:
  world: world
  x: -2635.1721456461705
  y: 32.0
  z: -2900.174823975094
  yaw: 35.599895
  pitch: 32.100082
money: '1'
ignore:
- freegames
uuid: fac0468c-a260-3ab5-bb7a-1c9ac9b172f7
