timestamps:
  login: 1455297411429
  logout: 1455297670739
ipAddress: 86.219.191.80
lastlocation:
  world: world
  x: -0.5
  y: 191.0
  z: -0.5
  yaw: 0.0
  pitch: 0.0
logoutlocation:
  world: world
  x: -4.676391961207663
  y: 189.0
  z: -12.661045080048218
  yaw: 40.35959
  pitch: -1.650027
