timestamps:
  login: 1456254351351
  kits:
    bouffe: 1456255085719
    octonien: 1456255060181
  logout: 1456255167915
  lastteleport: 1456254457522
ipAddress: 77.201.134.101
lastlocation:
  world: world
  x: 5292.5
  y: 52.0
  z: 4534.5
  yaw: 74.25202
  pitch: -18.299984
logoutlocation:
  world: world
  x: -0.14090013897333264
  y: 190.5
  z: 0.48611282218956364
  yaw: -270.64917
  pitch: 22.857735
homes:
  home:
    world: world
    x: 5292.300000011921
    y: 52.0
    z: 4534.908149469261
    yaw: 74.25202
    pitch: -18.299984
money: '0.0'
uuid: b86887f3-5594-344f-a46a-09f5d781dd58
