timestamps:
  login: 1455406484473
  kits:
    octonien: 1455406491696
  lastteleport: 1455406544715
  logout: 1455406553337
ipAddress: 80.201.71.122
lastlocation:
  world: world
  x: 0.6150871202473339
  y: 189.0
  z: -4.989725127515102
  yaw: -11.26297
  pitch: -4.1693535
logoutlocation:
  world: world
  x: -41.96895929768191
  y: 27.0
  z: 125.80100429593064
  yaw: 292.2466
  pitch: -33.30033
