timestamps:
  login: 1455328750927
  kits:
    octonien: 1455096634179
  logout: 1455329308134
  lastteleport: 1455104823673
ipAddress: 78.125.186.133
lastlocation:
  world: world
  x: -24.367007150198774
  y: 190.0
  z: 12.931395071066582
  yaw: -251.09067
  pitch: -9.300014
logoutlocation:
  world: world
  x: 3.8527159657140313
  y: 189.0
  z: -30.889159000075647
  yaw: -167.86307
  pitch: 26.28065
