timestamps:
  login: 1455050007764
  lastteleport: 1455050824357
  logout: 1455050864897
ipAddress: 89.92.108.188
lastlocation:
  world: world
  x: 1832.851030742425
  y: 65.0
  z: -2473.065728850305
  yaw: -351.59955
  pitch: 15.149999
logoutlocation:
  world: world
  x: -3.189222540830764
  y: 190.0
  z: -0.13914542857006945
  yaw: -251.84048
  pitch: 10.949995
