timestamps:
  login: 1455658290456
  logout: 1455658733768
  kits:
    bouffe: 1455658428442
    octonien: 1455658670832
  lastteleport: 1455658637910
ipAddress: 86.215.77.44
lastlocation:
  world: world
  x: -1029.3668294298022
  y: 27.0
  z: -8265.476172246388
  yaw: 257.80347
  pitch: 7.098562
logoutlocation:
  world: world
  x: -1029.625940115181
  y: 5.0
  z: -8260.757154537578
  yaw: 118.60176
  pitch: -0.40138373
socialspy: false
homes:
  home:
    world: world
    x: -1036.1709893879406
    y: 162.0
    z: -8272.342198545035
    yaw: -256.69946
    pitch: 32.249943
