timestamps:
  login: 1455016605093
  lastteleport: 1455016560077
  logout: 1455017005310
ipAddress: 81.66.86.117
lastlocation:
  world: world
  x: 24.488381025937837
  y: 22.5
  z: 32.38306663463993
  yaw: -239.69055
  pitch: 26.99998
logoutlocation:
  world: world
  x: -24.2670566403169
  y: 26.0
  z: 133.585198969389
  yaw: 56.709736
  pitch: -13.650022
