timestamps:
  login: 1455044311479
  kits:
    octonien: 1455040333383
  logout: 1455044642490
ipAddress: 78.220.113.78
lastlocation:
  world: world
  x: -4.5
  y: 189.0
  z: 0.5
  yaw: 0.0
  pitch: 0.0
logoutlocation:
  world: world
  x: -1.2805359795906575
  y: 189.0
  z: 12.683382743919084
  yaw: 198.70575
  pitch: 3.6098258
