socialspy: false
timestamps:
  login: 1456600077898
  logout: 1456600138177
  kits:
    bouffe: 1456599774929
    octonien: 1456599752485
  lastteleport: 1456599789568
  lastheal: 1456514020069
ipAddress: 93.6.117.106
lastlocation:
  world: world
  x: 4573.233166711922
  y: 252.875
  z: -3415.94626837694
  yaw: -24.063782
  pitch: 6.519688
logoutlocation:
  world: world
  x: 0.01824782120930235
  y: 190.5
  z: 0.3461496600293048
  yaw: -357.55096
  pitch: 4.1978226
uuid: 2914d09d-4905-3c14-b229-76d39b096111
homes:
  home:
    world: world
    x: 4572.37322272857
    y: 252.875
    z: -3416.752778011836
    yaw: 24.608597
    pitch: 14.638718
money: '41.75'
