timestamps:
  login: 1455707590802
  kits:
    octonien: 1455707635759
  lastteleport: 1455707728279
  logout: 1455708350432
ipAddress: 78.209.137.16
lastlocation:
  world: world
  x: -3.479963516243192
  y: 189.5
  z: -0.24333555790223765
  yaw: -76.08307
  pitch: 10.579605
logoutlocation:
  world: world
  x: -19.036467002376966
  y: 193.0
  z: -22.69999998807907
  yaw: -20.733154
  pitch: -12.820397
