uuid: 9aef5663-a600-3be5-bb2e-0aab6f947611
timestamps:
  login: 1456077295316
  logout: 1456077666820
ipAddress: 90.40.37.88
lastlocation:
  world: world
  x: -6.5
  y: 189.0
  z: 7.5
  yaw: 0.0
  pitch: 0.0
logoutlocation:
  world: world
  x: 31.202470858193387
  y: 188.0
  z: 4.83778350429196
  yaw: 50.200806
  pitch: 34.55781
