timestamps:
  login: 1455104530251
  logout: 1455105027228
ipAddress: 86.199.201.21
lastlocation:
  world: world
  x: 1.5
  y: 189.0
  z: 9.5
  yaw: 0.0
  pitch: 0.0
logoutlocation:
  world: world
  x: 5.822526524709388
  y: 189.0
  z: 0.8716389380770058
  yaw: -87.29047
  pitch: 26.249998
