timestamps:
  login: 1455207737495
  logout: 1455207803103
ipAddress: 84.7.48.175
lastlocation:
  world: world
  x: -6.5
  y: 186.0
  z: 5.5
  yaw: 0.0
  pitch: 0.0
logoutlocation:
  world: world
  x: -17.172010315057413
  y: 189.0
  z: -1.5210090238035192
  yaw: -226.79051
  pitch: 26.699999
