timestamps:
  login: 1455293908773
  lastteleport: 1455293936513
  kits:
    bouffe: 1455294226573
  logout: 1455294798911
ipAddress: 81.251.68.54
lastlocation:
  world: world
  x: 1.3134268534083147
  y: 189.0
  z: -6.0276142558723445
  yaw: -159.74048
  pitch: 68.84999
logoutlocation:
  world: world
  x: -9636.267829572096
  y: 5.0
  z: -1015.4385246023596
  yaw: 248.25012
  pitch: -90.0
