uuid: a9ec2543-b9de-36cb-b696-82c4ff309733
timestamps:
  login: 1456254759285
  kits:
    octonien: 1456254776411
  logout: 1456254968758
ipAddress: 86.69.211.16
lastlocation:
  world: world
  x: -0.5
  y: 189.0
  z: -3.5
  yaw: 0.0
  pitch: 0.0
logoutlocation:
  world: world
  x: 14.067068591762494
  y: 28.0
  z: 197.37486727140188
  yaw: -75.95358
  pitch: 7.407858
