timestamps:
  login: 1455126224390
  kits:
    octonien: 1455126239748
  logout: 1455126411307
ipAddress: 41.213.222.43
lastlocation:
  world: world
  x: 2.5
  y: 197.0
  z: 1.5
  yaw: 0.0
  pitch: 0.0
logoutlocation:
  world: world
  x: 11.355882005761165
  y: 189.0
  z: -19.092466043498636
  yaw: -127.53821
  pitch: 24.758688
