uuid: f7e1d43e-f69b-3f58-a892-7a346dbbb018
timestamps:
  login: 1456050944433
  logout: 1456051069732
ipAddress: 92.142.32.208
lastlocation:
  world: world
  x: -7.5
  y: 189.0
  z: -3.5
  yaw: 0.0
  pitch: 0.0
logoutlocation:
  world: world
  x: 192.5424456739409
  y: 29.0
  z: -15.159297309866183
  yaw: -93.93772
  pitch: -6.8221292
