timestamps:
  login: 1455648301693
  logout: 1455648786281
  kits:
    octonien: 1455648595037
ipAddress: 109.219.168.97
lastlocation:
  world: world
  x: 1.5
  y: 189.0
  z: -9.5
  yaw: 0.0
  pitch: 0.0
logoutlocation:
  world: world
  x: -0.5240009180270135
  y: 190.5
  z: 1.9932834211420414
  yaw: -14.133087
  pitch: 54.379593
