timestamps:
  login: 1455277917959
  kits:
    bouffe: 1455278194027
    octonien: 1455277994909
  logout: 1455278536599
ipAddress: 82.237.176.103
lastlocation:
  world: world
  x: -9.5
  y: 189.0
  z: 0.5
  yaw: 0.0
  pitch: 0.0
logoutlocation:
  world: world
  x: -44.86687485613332
  y: 48.0
  z: 25.300000011920943
  yaw: -12.111665
  pitch: 73.6537
