socialspy: false
timestamps:
  login: 1456352459359
  logout: 1456352460169
  kits:
    bouffe: 1456350433896
    octonien: 1456350926562
  lastteleport: 1456351353980
  mute: 0
ipAddress: 78.112.17.152
lastlocation:
  world: world
  x: 1970.699999988079
  y: 63.0
  z: 1723.212358663653
  yaw: -189.29993
  pitch: 59.10001
logoutlocation:
  world: world
  x: -17.705120281208572
  y: 188.5
  z: 17.250012449433875
  yaw: -50.44992
  pitch: 14.0999775
uuid: 7b9b9fee-1bae-3085-821e-f4c2433af08f
muted: true
homes:
  home:
    world: world
    x: -478.5
    y: 33.0
    z: -2654.5
    yaw: -269.14944
    pitch: 15.150042
ban:
  reason: Banni temporairement du serveur pour 11 mois 30 jours.
  timeout: 1487888460672
