timestamps:
  login: 1456582148912
  logout: 1456584388818
  kits:
    bouffe: 1455473104501
    octonien: 1456578655296
    decouverte: 1456578660127
  lastteleport: 1456584499750
  lastheal: 1456584723811
  mute: 0
ipAddress: 78.200.44.17
lastlocation:
  world: world
  x: -0.4828072082500627
  y: 190.5
  z: -0.21813118262982026
  yaw: -227.29814
  pitch: 9.727425
logoutlocation:
  world: world
  x: 9133.079480204966
  y: 8.0
  z: 411.0222455732729
  yaw: -356.6307
  pitch: 29.808
socialspy: false
homes:
  home:
    world: world
    x: -4693.932692066486
    y: 5.0
    z: 546.6047566882432
    yaw: 95.46216
    pitch: 56.82238
money: '6629.00'
muted: false
uuid: 8e7327f4-5d72-34a8-a705-1db63de0d191
