uuid: 4f5e41df-95bf-39e7-96e4-544826deb394
timestamps:
  login: 1456512942719
  logout: 1456513362629
  kits:
    bouffe: 1456513026925
    octonien: 1456513003394
ipAddress: 77.149.139.186
lastlocation:
  world: world
  x: -4.5
  y: 186.0
  z: 4.5
  yaw: 0.0
  pitch: 0.0
logoutlocation:
  world: world
  x: -2.3016142536947957
  y: 190.0
  z: 1.608980383597605
  yaw: -348.98767
  pitch: 20.172226
