timestamps:
  login: 1455123303898
  kits:
    octonien: 1455123377803
  logout: 1455124516391
ipAddress: 176.128.245.174
lastlocation:
  world: world
  x: -10.5
  y: 189.0
  z: -0.5
  yaw: 0.0
  pitch: 0.0
logoutlocation:
  world: world
  x: 2401.418768489343
  y: 5.0
  z: 3029.3851146916036
  yaw: 270.89038
  pitch: 25.930733
