uuid: 68524c20-be56-387b-8d4b-c599fd82643e
timestamps:
  login: 1456492468546
  logout: 1455901176663
ipAddress: 88.183.105.25
lastlocation:
  world: world
  x: -0.5
  y: 190.0
  z: -1.5
  yaw: 0.0
  pitch: 0.0
logoutlocation:
  world: world
  x: -13.653701740610737
  y: 23.588137564269225
  z: -6.405731830235732
  yaw: -224.8833
  pitch: 26.779598
