timestamps:
  login: 1455791944137
  logout: 1455792493318
ipAddress: 83.115.131.151
lastlocation:
  world: world
  x: 7.5
  y: 189.0
  z: -0.5
  yaw: 0.0
  pitch: 0.0
logoutlocation:
  world: world
  x: -0.1171770091306238
  y: 190.5
  z: 0.7039789129742813
  yaw: -113.433075
  pitch: -90.0
uuid: 6cf92b84-6a16-3411-9927-7e47a35019aa
