uuid: 07352d1d-804c-3090-81a1-b91958671c6e
timestamps:
  login: 1457023239508
  kits:
    octonien: 1457023252905
  logout: 1457023403155
ipAddress: 88.126.88.190
lastlocation:
  world: world
  x: -0.5
  y: 189.0
  z: -3.5
  yaw: 0.0
  pitch: 0.0
logoutlocation:
  world: world
  x: 6.809265761883347
  y: 189.0
  z: -31.541403718432747
  yaw: 135.64575
  pitch: -10.200041
