uuid: 9e4ba55c-ceda-381a-9c31-7893a8877c5d
timestamps:
  login: 1456066375859
  logout: 1456066665682
ipAddress: 90.34.196.246
lastlocation:
  world: world
  x: -10.5
  y: 189.0
  z: -9.5
  yaw: 0.0
  pitch: 0.0
logoutlocation:
  world: world
  x: -0.14090013897333264
  y: 190.5
  z: 0.48611282218956364
  yaw: -268.54916
  pitch: 47.307735
