timestamps:
  login: 1455012334829
  kits:
    octonien: 1455012377943
  logout: 1455012385492
ipAddress: 78.213.101.132
lastlocation:
  world: world
  x: -1.5
  y: 189.0
  z: 4.5
  yaw: 0.0
  pitch: 0.0
logoutlocation:
  world: world
  x: -0.24688503696888714
  y: 189.0
  z: -17.360528030449803
  yaw: -181.64044
  pitch: 12.149988
