timestamps:
  login: 1455293400659
  kits:
    octonien: 1455293523669
  logout: 1455294055760
ipAddress: 87.65.146.69
lastlocation:
  world: world
  x: 4.5
  y: 185.0
  z: -2.5
  yaw: 0.0
  pitch: 0.0
logoutlocation:
  world: world
  x: 7.222818782330249
  y: 189.0
  z: 8.671590288987531
  yaw: -10.790314
  pitch: -14.849967
