uuid: a7b9cbbd-a281-32ee-819d-549cfe2e9946
timestamps:
  login: 1457285420567
  lastteleport: 1457290449537
  kits:
    bouffe: 1457286470936
    octonien: 1457285771539
    decouverte: 1457285746557
  lastheal: 1455972032449
  logout: 1457290513143
ipAddress: 77.195.102.247
lastlocation:
  world: world
  x: 9724.911927391855
  y: 10.0
  z: 1329.6980610390992
  yaw: 174.69585
  pitch: 43.79999
homes:
  home:
    world: world
    x: 9808.30691108363
    y: 217.0
    z: 1585.4280599596952
    yaw: 198.44666
    pitch: 32.54994
money: '5118.75'
logoutlocation:
  world: world
  x: 35.45116506445579
  y: 189.0
  z: 7.544917213232287
  yaw: -222.25099
  pitch: 18.447823
