socialspy: false
timestamps:
  login: 1454851033495
  kits:
    bouffe: 1454851208260
    octonien: 1454841399715
  logout: 1454851422262
  mute: 0
ipAddress: 82.66.98.8
lastlocation:
  world: world
  x: -0.05640325665323345
  y: 191.0
  z: 0.06084168811078994
  yaw: -178.79053
  pitch: 16.049873
logoutlocation:
  world: world
  x: -3.2820153760235633
  y: 188.0
  z: 23.23066381884798
  yaw: -269.0984
  pitch: 5.399951
muted: false
