timestamps:
  login: 1455466375117
  logout: 1455466690637
ipAddress: 86.196.100.216
lastlocation:
  world: world
  x: -2.5
  y: 189.0
  z: -8.5
  yaw: 0.0
  pitch: 0.0
logoutlocation:
  world: world
  x: 1308.2685293734369
  y: 64.0
  z: -1630.1364370545375
  yaw: 16.050014
  pitch: 27.9
