uuid: bdae1e94-2df6-335b-9d3a-d10ab0f4031e
timestamps:
  login: 1456426909493
  kits:
    octonien: 1456426973864
  lastteleport: 1456427395040
  logout: 1456428155082
ipAddress: 78.113.27.51
lastlocation:
  world: world
  x: -35.69999998807907
  y: 55.0
  z: -1.823859368944234
  yaw: -23.44812
  pitch: 23.457726
logoutlocation:
  world: world
  x: -0.14090013897333264
  y: 190.5
  z: 0.48611282218956364
  yaw: -270.1992
  pitch: 21.357738
