timestamps:
  login: 1457107526040
  kits:
    bouffe: 1455391917888
    octonien: 1456927209695
  logout: 1457109552178
  lastteleport: 1457108629045
  mute: 0
ipAddress: 93.15.222.101
lastlocation:
  world: world
  x: 12.258340838189998
  y: 189.0
  z: -10.238017185112323
  yaw: -305.95105
  pitch: 35.700005
logoutlocation:
  world: world
  x: 11.608521672837929
  y: 190.0
  z: 13.932116754898088
  yaw: -356.65088
  pitch: 26.549992
homes:
  home:
    world: world
    x: -8655.142535187526
    y: 116.0
    z: 2797.046789431734
    yaw: -291.30444
    pitch: 41.10003
money: '0.280'
uuid: 9be19c85-52d8-3dab-ab6d-1180c6ba22b9
muted: false
