timestamps:
  login: 1454968177115
  logout: 1454968287973
ipAddress: 86.192.194.193
lastlocation:
  world: world
  x: 3.5
  y: 185.0
  z: -3.5
  yaw: 0.0
  pitch: 0.0
logoutlocation:
  world: world
  x: -2.410314238844496
  y: 177.0
  z: 0.4318345151312496
  yaw: -181.04048
  pitch: -43.349995
