timestamps:
  login: 1455176781607
  kits:
    bouffe: 1455176634614
    octonien: 1455176488314
  logout: 1455177236076
ipAddress: 88.138.132.198
lastlocation:
  world: world
  x: -1.5
  y: 205.0
  z: 1.5
  yaw: 0.0
  pitch: 0.0
logoutlocation:
  world: world
  x: -1364.388387124231
  y: 63.0
  z: -2891.536448019049
  yaw: -182.40405
  pitch: 15.300009
homes:
  home:
    world: world
    x: -1286.0826605405734
    y: 71.0
    z: -2804.6537288188815
    yaw: -242.70227
    pitch: -1.349979
