uuid: 7e4c576c-98fe-386b-a732-7e3944d73f57
timestamps:
  login: 1456223541299
  lastteleport: 1456219585782
  logout: 1456225059645
ipAddress: 82.120.243.200
lastlocation:
  world: world
  x: 13.197712338775863
  y: 22.5
  z: 31.22036216168535
  yaw: 268.29858
  pitch: 16.35002
logoutlocation:
  world: world
  x: 1.8873490841336866
  y: 188.0
  z: 33.33122756232044
  yaw: -198.4992
  pitch: -0.09225238
