timestamps:
  login: 1455544686983
  kits:
    octonien: 1455543510844
  lastteleport: 1455544110928
  logout: 1455544904243
ipAddress: 78.217.94.13
lastlocation:
  world: world
  x: 33.46845349208083
  y: 187.0
  z: -11.548145750108224
  yaw: -145.2131
  pitch: 6.3306346
logoutlocation:
  world: world
  x: -141.30000001192093
  y: 4.0
  z: 449.43772408972535
  yaw: 135.1201
  pitch: 0.7499543
