timestamps:
  login: 1454954472940
  logout: 1454954773418
  lastteleport: 1454940658891
ipAddress: 109.25.13.92
lastlocation:
  world: world
  x: 6.375585807187107
  y: 189.0
  z: -17.189557273648376
  yaw: -213.29054
  pitch: 7.349878
logoutlocation:
  world: world
  x: 3639.2895046710573
  y: 69.0
  z: 8631.119639593924
  yaw: -243.49507
  pitch: 10.35001
