uuid: d6c8dd9a-663c-31ca-87ca-5803cdca4ec5
timestamps:
  login: 1457205096042
  kits:
    octonien: 1457202520024
  logout: 1457206619040
ipAddress: 90.20.123.26
lastlocation:
  world: world
  x: -3.5
  y: 189.0
  z: -4.5
  yaw: 0.0
  pitch: 0.0
logoutlocation:
  world: world
  x: 53.69999998807907
  y: 18.0
  z: -859.6999999880791
  yaw: -84.51741
  pitch: 18.472982
