uuid: f9063889-7e0e-39df-93a3-4a9027388771
timestamps:
  login: 1456220397159
  kits:
    octonien: 1456220448744
  logout: 1456220611393
ipAddress: 90.42.110.94
lastlocation:
  world: world
  x: -3.5
  y: 190.0
  z: 1.5
  yaw: 0.0
  pitch: 0.0
logoutlocation:
  world: world
  x: -13.73675303604189
  y: 189.0
  z: 11.989500961696445
  yaw: -80.82788
  pitch: 50.565266
