timestamps:
  login: 1455581439833
  kits:
    bouffe: 1455580090075
    octonien: 1455580087175
  logout: 1455582245469
  lastteleport: 1455582519536
ipAddress: 176.151.88.191
lastlocation:
  world: world
  x: -2282.889787926754
  y: 61.0
  z: -2756.426169570005
  yaw: 182.99919
  pitch: 58.49997
logoutlocation:
  world: world
  x: -3.5807973349886604
  y: 65.7531999805212
  z: -263.33694065515124
  yaw: 87.73663
  pitch: 83.39998
homes:
  home:
    world: world
    x: 259.23750001192093
    y: 64.0
    z: 285.5747342245139
    yaw: -10.979004
    pitch: 9.749959
