timestamps:
  login: 1455644980060
  kits:
    octonien: 1455645003561
  logout: 1455645458154
ipAddress: 92.93.98.105
lastlocation:
  world: world
  x: -9.5
  y: 189.0
  z: 8.5
  yaw: 0.0
  pitch: 0.0
logoutlocation:
  world: world
  x: -169.30000001192093
  y: 12.0
  z: -649.6649194193295
  yaw: -147.18613
  pitch: -10.200102
