uuid: 4ffa4c55-dbf0-3f40-aa9f-6daa62953c94
timestamps:
  login: 1457310168843
  kits:
    bouffe: 1457309434071
    octonien: 1457310904541
    decouverte: 1457310899843
  lastteleport: 1457310812446
  lastheal: 1457310788649
  logout: 1457310958240
ipAddress: 90.120.17.81
lastlocation:
  world: world
  x: 7458.618891567058
  y: 72.0
  z: 897.8082255459682
  yaw: 121.30573
  pitch: 28.19998
homes:
  home:
    world: world
    x: -1464.699999988079
    y: 12.0
    z: 555.3876116627852
    yaw: -99.70143
    pitch: 49.799976
logoutlocation:
  world: world
  x: -1465.094453601742
  y: 8.0
  z: 552.8685612945493
  yaw: 92.59864
  pitch: -31.199982
money: '16784.75'
