uuid: 67b32af7-7e59-3d94-bf6a-ffe35daf87d8
timestamps:
  login: 1455897670299
  logout: 1455897746240
ipAddress: 194.187.249.41
lastlocation:
  world: world
  x: 6.5
  y: 189.0
  z: -0.5
  yaw: 0.0
  pitch: 0.0
logoutlocation:
  world: world
  x: 12.015399687973204
  y: 189.0
  z: 1.4338309854868316
  yaw: -246.03288
  pitch: -8.170466
