uuid: 98132a4b-0377-3c5f-bff2-efd85d1d2f8f
timestamps:
  login: 1456430301738
  logout: 1456430327580
ipAddress: 178.119.165.236
lastlocation:
  world: world
  x: -5.5
  y: 189.0
  z: -2.5
  yaw: 0.0
  pitch: 0.0
logoutlocation:
  world: world
  x: 1.658242790663261
  y: 190.5
  z: 1.8270100305979873
  yaw: -316.89227
  pitch: 25.460163
