timestamps:
  login: 1455551537420
  kits:
    octonien: 1455298310581
  logout: 1455553377553
  lastteleport: 1455552596704
ipAddress: 83.205.220.188
lastlocation:
  world: world
  x: 1471.5441366579598
  y: 71.0
  z: -855.761536057709
  yaw: -84.44849
  pitch: -0.899999
logoutlocation:
  world: world
  x: 1477.5053637573737
  y: 71.0
  z: -849.0386506435899
  yaw: 35.085266
  pitch: -90.0
