uuid: 8eb5a388-4555-3aae-8a1d-01292293f93f
timestamps:
  login: 1457221176883
  kits:
    bouffe: 1457220136175
    octonien: 1457220096848
  mute: 1457223989473
  lastteleport: 1457220801185
  logout: 1457221427284
ipAddress: 92.135.219.150
lastlocation:
  world: world
  x: 200.04811640099547
  y: 34.0
  z: 8.210769322851913
  yaw: -168.55249
  pitch: 47.099987
muted: true
logoutlocation:
  world: world
  x: 77.57499998807909
  y: 64.0
  z: -284.8768628534534
  yaw: -162.04926
  pitch: 27.900005
homes:
  home:
    world: world
    x: 77.57499998807909
    y: 64.0
    z: -284.8768628534534
    yaw: -162.04926
    pitch: 27.900005
