timestamps:
  login: 1454937405532
  logout: 1454938243712
  kits:
    bouffe: 1454937133559
    octonien: 1454937101458
ipAddress: 91.181.196.231
lastlocation:
  world: world
  x: -5.5
  y: 187.0
  z: -3.5
  yaw: 0.0
  pitch: 0.0
logoutlocation:
  world: world
  x: 498.4451297396699
  y: 5.0
  z: 370.9509054221676
  yaw: 4.058502
  pitch: 10.94998
homes:
  home:
    world: world
    x: 498.4451297396699
    y: 5.0
    z: 370.9509054221676
    yaw: 5.708496
    pitch: 10.04998
