timestamps:
  login: 1455731730780
  lastteleport: 1455732045836
  logout: 1455732190037
ipAddress: 87.88.201.237
lastlocation:
  world: world
  x: -0.6776601208292751
  y: 187.0
  z: 52.88543015698713
  yaw: -346.4488
  pitch: -7.615681
logoutlocation:
  world: world
  x: 5.296265237097154
  y: 39.170787077218804
  z: -77.93292469587902
  yaw: -98.06879
  pitch: -2.2487214
