timestamps:
  login: 1457284474348
  kits:
    bouffe: 1457200661872
    octonien: 1457285047847
  lastteleport: 1457285567360
  logout: 1457285765139
  mute: 0
ipAddress: 86.194.133.107
lastlocation:
  world: world
  x: 10.159396634894726
  y: 189.0
  z: 0.40057650563167047
  yaw: 274.47766
  pitch: 25.650011
logoutlocation:
  world: world
  x: -3.4110664061062725
  y: 189.5
  z: 0.47581681095306094
  yaw: -144.55104
  pitch: 26.397814
uuid: 19eab123-e20a-3dbf-a407-d87dd2092401
homes:
  home:
    world: world
    x: 2804.1270043283153
    y: 37.0
    z: 471.64998275485306
    yaw: -170.57297
    pitch: 56.10001
money: '0.00'
muted: false
