uuid: d2702b92-d78e-325d-980b-3056fe6cc4fc
timestamps:
  login: 1457276619336
  kits:
    bouffe: 1457276648348
    octonien: 1457276634254
  lastteleport: 1457276672267
  logout: 1457276714024
ipAddress: 78.210.48.240
lastlocation:
  world: world
  x: 12.15712007284751
  y: 31.0
  z: -73.69999998807907
  yaw: -13.032715
  pitch: -2.7086368
homes:
  home:
    world: world
    x: 1133.4053620079226
    y: 167.0
    z: -373.9576690718538
    yaw: -1.808258
    pitch: 56.24999
logoutlocation:
  world: world
  x: 1.864383193044526
  y: 190.5
  z: 0.4310773744832493
  yaw: -14.95108
  pitch: 12.747823
