uuid: ee2b931f-9f76-374b-ad2b-22ad44fdaa50
timestamps:
  login: 1456210785424
  logout: 1456210862824
ipAddress: 90.22.189.143
lastlocation:
  world: world
  x: -3.5
  y: 191.0
  z: -2.5
  yaw: 0.0
  pitch: 0.0
logoutlocation:
  world: world
  x: 1.9251196436071647
  y: 24.0
  z: 193.69999998807907
  yaw: 351.85056
  pitch: 34.200005
