uuid: 93fecccf-d3de-347d-80d1-e684aa8de391
timestamps:
  login: 1457040074980
  logout: 1457040416967
ipAddress: 94.69.183.100
lastlocation:
  world: world
  x: -3.5
  y: 191.0
  z: -2.5
  yaw: 0.0
  pitch: 0.0
logoutlocation:
  world: world
  x: 282.69999998807907
  y: 54.0
  z: -262.4356863961655
  yaw: 101.59934
  pitch: -61.199966
