timestamps:
  login: 1454934005657
  lastteleport: 1454936600202
  kits:
    octonien: 1454934068597
  logout: 1454937168163
ipAddress: 109.88.218.50
lastlocation:
  world: world
  x: 2070.4861101862766
  y: 71.0
  z: 1767.475203104672
  yaw: -9.087524
  pitch: 9.899973
logoutlocation:
  world: world
  x: 2072.5848817380634
  y: 68.0
  z: 1800.5420301723532
  yaw: -9.20752
  pitch: 1.8068056
