timestamps:
  login: 1455043797245
  logout: 1455043966564
ipAddress: 88.186.156.240
lastlocation:
  world: world
  x: -3.5
  y: 189.0
  z: -5.5
  yaw: 0.0
  pitch: 0.0
logoutlocation:
  world: world
  x: 19.864560548197186
  y: 188.0
  z: -47.82027590083133
  yaw: 26.559626
  pitch: 21.15003
