timestamps:
  login: 1455722631816
  lastteleport: 1455721789456
  logout: 1455723562215
ipAddress: 2.5.152.178
lastlocation:
  world: world
  x: 40.371759244133834
  y: 22.5
  z: 16.568571250993966
  yaw: -168.48254
  pitch: -33.90009
logoutlocation:
  world: world
  x: 8.563198914103701
  y: 189.0
  z: 2.3983586203793883
  yaw: -39.33425
  pitch: 23.699965
