socialspy: false
timestamps:
  login: 1456664035632
  kits:
    bouffe: 1455368567051
    octonien: 1455289850704
    decouverte: 1455382391399
  lastteleport: 1456664346073
  logout: 1456664601018
  mute: 0
  lastheal: 1456664212473
ipAddress: 81.50.210.238
lastlocation:
  world: world
  x: -287.2485629413723
  y: 64.5
  z: 185.14348168178284
  yaw: 19.83551
  pitch: 50.70001
logoutlocation:
  world: world
  x: 17.990204698524874
  y: 189.0
  z: -0.7661624052172813
  yaw: 118.7005
  pitch: 25.786747
homes:
  home:
    world: world
    x: -290.3901856382068
    y: 64.5
    z: 182.19936492010316
    yaw: 196.53552
    pitch: 21.776466
muted: false
money: '588.0'
uuid: 3f011d1d-dc84-3c85-9a44-6d17853853c1
