uuid: 1d8cd38d-a54f-33b3-b25f-4f8cf4026556
timestamps:
  login: 1455967994856
  logout: 1455968029115
ipAddress: 213.189.181.133
lastlocation:
  world: world
  x: -9.5
  y: 189.0
  z: -5.5
  yaw: 0.0
  pitch: 0.0
logoutlocation:
  world: world
  x: 0.7544881616691252
  y: 190.5
  z: 2.0168554402848202
  yaw: -171.8081
  pitch: 19.79589
