timestamps:
  login: 1455209810254
  logout: 1455210324402
  lastteleport: 1455208164447
ipAddress: 109.15.9.180
lastlocation:
  world: world
  x: -12.446300166432502
  y: 22.5
  z: -25.940364020431257
  yaw: 230.8599
  pitch: -8.850015
logoutlocation:
  world: world
  x: 43.48308440653564
  y: 78.0
  z: 323.78180497635907
  yaw: -2.9897456
  pitch: 40.2
