timestamps:
  login: 1455358937245
  logout: 1455359335094
ipAddress: 176.184.156.187
lastlocation:
  world: world
  x: 2.5
  y: 189.0
  z: 6.5
  yaw: 0.0
  pitch: 0.0
logoutlocation:
  world: world
  x: 1.2073228039286534
  y: 190.0
  z: 3.20234721603901
  yaw: 166.48776
  pitch: 31.38066
