timestamps:
  login: 1455365887632
  kits:
    bouffe: 1455366085490
    octonien: 1455365941571
  lastteleport: 1455366312475
  logout: 1455366417889
ipAddress: 77.144.50.112
lastlocation:
  world: world
  x: 270.23403467755566
  y: 64.0
  z: -183.2571387068605
  yaw: 34.385925
  pitch: 2.1132274
logoutlocation:
  world: world
  x: 2.881058210115685
  y: 189.0
  z: -9.322834168921469
  yaw: -25.362955
  pitch: 34.530647
