timestamps:
  login: 1455293672702
  kits:
    octonien: 1455294059978
  logout: 1455294497676
ipAddress: 91.177.241.46
lastlocation:
  world: world
  x: 3.5
  y: 190.0
  z: -2.5
  yaw: 0.0
  pitch: 0.0
logoutlocation:
  world: world
  x: -453.5837364016965
  y: 64.0
  z: 17.72024077348408
  yaw: -207.32216
  pitch: -2.137278
