uuid: a335ee66-30d0-32a8-9e17-4e98c02ff25e
timestamps:
  login: 1456499813765
  kits:
    octonien: 1456499822076
  logout: 1456500180906
ipAddress: 92.158.247.133
lastlocation:
  world: world
  x: 4.5
  y: 187.0
  z: -4.5
  yaw: 0.0
  pitch: 0.0
logoutlocation:
  world: world
  x: 0.01824782120930235
  y: 190.5
  z: 0.3461496600293048
  yaw: -357.55096
  pitch: 4.1978226
