timestamps:
  login: 1455548746203
  lastteleport: 1455480770230
  kits:
    octonien: 1455476608379
  logout: 1455548770598
ipAddress: 88.174.180.203
lastlocation:
  world: world
  x: 1420.5842934355016
  y: 5.0
  z: -611.4968494449425
  yaw: -357.5373
  pitch: 27.59275
logoutlocation:
  world: world
  x: 5307.898031698812
  y: 4.0
  z: -3789.243241904322
  yaw: 4.8852844
  pitch: 38.52777
