uuid: 37157182-5fe8-3471-b8ea-bd907d6f5c62
timestamps:
  login: 1457112941410
  logout: 1457113188860
ipAddress: 84.6.74.149
lastlocation:
  world: world
  x: 0.5
  y: 206.0
  z: -1.5
  yaw: 0.0
  pitch: 0.0
logoutlocation:
  world: world
  x: 0.10781238277961255
  y: 189.0
  z: 14.000113270568487
  yaw: -357.70096
  pitch: 3.4478226
