timestamps:
  login: 1455305186746
  lastteleport: 1455305226422
  logout: 1455309633374
ipAddress: 83.79.254.14
lastlocation:
  world: world
  x: -30.661129176441708
  y: 194.0
  z: -28.75104043948859
  yaw: -359.41205
  pitch: 23.58076
logoutlocation:
  world: world
  x: -1049.699999988079
  y: 62.10000002384186
  z: -7295.699999988079
  yaw: 95.850235
  pitch: 72.59986
