timestamps:
  login: 1455221608030
  kits:
    octonien: 1455221616674
  logout: 1455221648524
ipAddress: 90.105.224.163
lastlocation:
  world: world
  x: 2.5
  y: 189.0
  z: 8.5
  yaw: 0.0
  pitch: 0.0
logoutlocation:
  world: world
  x: 13.154269878030327
  y: 26.0
  z: -67.01292344769263
  yaw: -290.6539
  pitch: 15.125309
