timestamps:
  login: 1454949953470
  logout: 1454949980569
ipAddress: 85.201.172.164
lastlocation:
  world: world
  x: -9.5
  y: 189.0
  z: -2.5
  yaw: 0.0
  pitch: 0.0
logoutlocation:
  world: world
  x: -0.029495972607641474
  y: 190.5
  z: -2.1870373117956174
  yaw: -174.89409
  pitch: 17.2188
