uuid: 43093542-9478-3439-890a-faea2cee0d6a
timestamps:
  login: 1456326600288
  logout: 1456326905886
ipAddress: 78.198.84.65
lastlocation:
  world: world
  x: -0.5
  y: 190.0
  z: 3.5
  yaw: 0.0
  pitch: 0.0
logoutlocation:
  world: world
  x: -1.9554335667720162
  y: 190.5
  z: 0.4325985667093009
  yaw: -159.04915
  pitch: 43.407738
