timestamps:
  login: 1455451847632
  kits:
    octonien: 1455451894106
  lastteleport: 1455453416797
  logout: 1455454029086
ipAddress: 78.235.216.171
lastlocation:
  world: world
  x: 1809.620861278675
  y: 60.0
  z: 1333.7428040942427
  yaw: -63.778812
  pitch: -20.69999
