timestamps:
  login: 1455731900793
  logout: 1455732157187
ipAddress: 89.90.69.172
lastlocation:
  world: world
  x: -0.5
  y: 189.0
  z: 9.5
  yaw: 0.0
  pitch: 0.0
logoutlocation:
  world: world
  x: 1321.699999988079
  y: 76.0
  z: 1264.300000011921
  yaw: -222.59996
  pitch: 70.04998
