timestamps:
  login: 1455475330257
  kits:
    octonien: 1455474045207
  logout: 1455476488751
ipAddress: 77.133.197.19
lastlocation:
  world: world
  x: 4.5
  y: 189.0
  z: -8.5
  yaw: 0.0
  pitch: 0.0
logoutlocation:
  world: world
  x: 0.7456677355538809
  y: 189.0
  z: -18.355165654071506
  yaw: -177.97571
  pitch: 13.051304
