timestamps:
  login: 1455046297003
  lastteleport: 1455046395243
  kits:
    octonien: 1455046413721
  logout: 1455046471160
ipAddress: 84.98.178.58
lastlocation:
  world: world
  x: -0.5758653954605746
  y: 189.0
  z: -11.250236141878906
  yaw: -175.04044
  pitch: 9.449994
logoutlocation:
  world: world
  x: -5617.073299743381
  y: 30.0
  z: 6448.750639796987
  yaw: 20.07515
  pitch: 16.050005
