timestamps:
  login: 1457290194200
  lastteleport: 1457290499056
  kits:
    bouffe: 1455788081477
    octonien: 1455809508843
    chevalier: 1457182409253
    decouverte: 1455968704406
  logout: 1457291227447
  lastheal: 1456050670618
ipAddress: 84.73.215.61
lastlocation:
  world: world
  x: 5862.868218980199
  y: 43.0
  z: 1297.6974513087475
  yaw: -59.220886
  pitch: 29.250107
homes:
  home:
    world: world
    x: 1415.3949939974304
    y: 12.0
    z: -9265.021558373282
    yaw: -295.3689
    pitch: 17.235249
  base:
    world: world
    x: 6379.487500011921
    y: 25.0
    z: 229.30000001192093
    yaw: -92.22254
    pitch: 2.100008
logoutlocation:
  world: world
  x: 3.929629774415088
  y: 189.5
  z: 0.5398590178889412
  yaw: -18.282614
  pitch: -5.718398
money: '6012.445'
uuid: 2bad256d-f53f-30c5-91d3-231b2dc23e7d
