uuid: daad8653-bf8d-3a4d-9330-e1ae7f362358
timestamps:
  login: 1456676299414
  kits:
    bouffe: 1456484060884
    octonien: 1456676410858
  lastteleport: 1456676459571
  logout: 1456676468347
  mute: 0
ipAddress: 2.3.181.160
lastlocation:
  world: world
  x: 65.24821196768046
  y: 187.0
  z: -10.741508706643708
  yaw: -289.08215
  pitch: 10.527464
homes:
  home:
    world: world
    x: 1881.7535205715828
    y: 8.0
    z: -2320.699999988079
    yaw: -6.1379194
    pitch: 24.188408
logoutlocation:
  world: world
  x: -286.69999998807907
  y: 64.0
  z: 248.2004054694602
  yaw: 304.66934
  pitch: 12.386798
money: '147.0'
muted: false
