timestamps:
  login: 1455562504044
  logout: 1455562572244
ipAddress: 82.126.206.251
lastlocation:
  world: world
  x: -6.5
  y: 187.0
  z: 7.5
  yaw: 0.0
  pitch: 0.0
logoutlocation:
  world: world
  x: -9.714768436920908
  y: 198.0
  z: 32.71425511718746
  yaw: -165.6117
  pitch: 34.949997
