timestamps:
  login: 1456076759296
  kits:
    octonien: 1455494708419
  logout: 1455496060810
ipAddress: 92.154.155.223
lastlocation:
  world: world
  x: -6.5
  y: 189.0
  z: -7.5
  yaw: 0.0
  pitch: 0.0
logoutlocation:
  world: world
  x: 8.27109456547035
  y: 189.0
  z: -7.916719300861784
  yaw: -82.666016
  pitch: 16.499989
uuid: d0167d63-181d-3095-b475-23d581c93eaa
