timestamps:
  login: 1455637914250
  kits:
    bouffe: 1455637957498
    octonien: 1455637939362
  logout: 1455638049818
ipAddress: 78.247.16.216
lastlocation:
  world: world
  x: -9.5
  y: 189.0
  z: -1.5
  yaw: 0.0
  pitch: 0.0
logoutlocation:
  world: world
  x: -4.197582449471128
  y: 72.5
  z: -61.66229196550097
  yaw: -255.41971
  pitch: 47.507244
