uuid: 2ee66300-bbf6-3922-970a-86e465df9183
timestamps:
  login: 1456508989045
  logout: 1456514416851
  lastteleport: 1456514041080
  kits:
    bouffe: 1456513041315
    octonien: 1456509944726
ipAddress: 89.93.214.163
lastlocation:
  world: world
  x: 292.1122971687829
  y: 64.0
  z: -101.52187645127637
  yaw: 261.96243
  pitch: 6.750016
logoutlocation:
  world: world
  x: -0.14670472701145132
  y: 189.0
  z: 5.65257884784232
  yaw: -348.55096
  pitch: 12.447823
homes:
  home:
    world: world
    x: 291.65241012014326
    y: 64.0
    z: -96.30000001192094
    yaw: 133.11246
    pitch: 24.900013
