timestamps:
  login: 1455579505521
  logout: 1455579542731
ipAddress: 51.254.57.136
lastlocation:
  world: world
  x: -4.5
  y: 189.0
  z: 1.5
  yaw: 0.0
  pitch: 0.0
logoutlocation:
  world: world
  x: 0.6433977298838323
  y: 189.5
  z: -2.3500587904051224
  yaw: -34.062866
  pitch: 31.949995
