uuid: 94960329-9517-39d5-8602-3d37c60ed260
timestamps:
  login: 1457294832565
  logout: 1457294910859
ipAddress: 86.223.159.235
lastlocation:
  world: world
  x: 4.5
  y: 189.0
  z: 1.5
  yaw: 0.0
  pitch: 0.0
logoutlocation:
  world: world
  x: 5452.882290886456
  y: 65.0
  z: -7858.62051517453
  yaw: 322.79993
  pitch: -17.100027
