uuid: e6fb319b-3804-3a73-859f-b9b9f4f583c6
timestamps:
  login: 1455917787824
  logout: 1455919003386
ipAddress: 176.150.186.80
lastlocation:
  world: world
  x: -6.5
  y: 188.0
  z: -6.5
  yaw: 0.0
  pitch: 0.0
logoutlocation:
  world: world
  x: 118.75967750286372
  y: 28.0
  z: 0.39168108030200854
  yaw: 78.56715
  pitch: 4.949996
