timestamps:
  login: 1455727872107
  kits:
    octonien: 1455727891329
  logout: 1455727975662
ipAddress: 81.250.100.189
lastlocation:
  world: world
  x: 8.5
  y: 189.0
  z: 9.5
  yaw: 0.0
  pitch: 0.0
logoutlocation:
  world: world
  x: 16.882233698351733
  y: 189.0
  z: -2.590463324438798
  yaw: -300.18298
  pitch: 13.279595
