uuid: e132764a-de71-338c-9753-96ff4b151d37
timestamps:
  login: 1457196865373
  kits:
    bouffe: 1457197381198
    octonien: 1457196925885
  lastteleport: 1457197685730
  logout: 1457198037474
ipAddress: 78.227.244.251
lastlocation:
  world: world
  x: 0.01824782120930235
  y: 190.5
  z: 0.3461496600293048
  yaw: -329.50098
  pitch: 30.74782
homes:
  home:
    world: world
    x: -5444.5
    y: 61.0
    z: 683.5
    yaw: -247.9834
    pitch: 14.999979
logoutlocation:
  world: world
  x: -2.949999988079071
  y: 191.0
  z: 2.619154656167493
  yaw: -77.35092
  pitch: 74.24999
