uuid: ce200c42-5131-3463-aa59-f36d30e95465
timestamps:
  login: 1456963506770
  logout: 1456963780696
ipAddress: 78.241.36.220
lastlocation:
  world: world
  x: -1.5
  y: 189.0
  z: -4.5
  yaw: 0.0
  pitch: 0.0
logoutlocation:
  world: world
  x: -6.065271357160561
  y: 188.0
  z: 22.387503148889323
  yaw: -271.55212
  pitch: 7.5741606
