timestamps:
  login: 1455634350996
  lastteleport: 1455635960923
  kits:
    octonien: 1455634508906
  logout: 1455636129753
ipAddress: 90.16.237.120
lastlocation:
  world: world
  x: 4528.569026041852
  y: 11.0
  z: 5272.541239444593
  yaw: 358.89563
  pitch: 14.518089
logoutlocation:
  world: world
  x: 4613.321646348442
  y: 30.0
  z: 5173.089010013205
  yaw: -167.56052
  pitch: 44.944485
