timestamps:
  login: 1455042386025
  logout: 1455042507585
ipAddress: 2.6.127.104
lastlocation:
  world: world
  x: 8.5
  y: 189.0
  z: -6.5
  yaw: 0.0
  pitch: 0.0
logoutlocation:
  world: world
  x: -44.898652774056934
  y: 188.0
  z: -10.855132797754042
  yaw: -88.94037
  pitch: 10.049992
