timestamps:
  login: 1456935536671
  kits:
    octonien: 1456936003350
  logout: 1456936533662
ipAddress: 95.182.214.38
lastlocation:
  world: world
  x: -7.5
  y: 188.0
  z: -3.5
  yaw: 0.0
  pitch: 0.0
homes:
  home:
    world: world
    x: -9971.155260875837
    y: 73.0
    z: -622.7958317855581
    yaw: 105.98132
    pitch: 31.078474
logoutlocation:
  world: world
  x: -9968.887950665943
  y: 63.0
  z: -628.6199770395008
  yaw: -236.60292
  pitch: 54.64717
uuid: c030a9b2-b383-3616-a4e3-a99f5b2c1bcd
