uuid: 95ec2d67-02ac-31a8-9706-6046fbde5200
timestamps:
  login: 1457120676456
  kits:
    bouffe: 1457120102959
    octonien: 1457118022777
  lastteleport: 1457120712601
  logout: 1457120905524
ipAddress: 92.136.141.140
lastlocation:
  world: world
  x: 2660.298320061171
  y: 50.0
  z: 923.6999999880791
  yaw: -29.399353
  pitch: 76.350006
homes: {}
logoutlocation:
  world: world
  x: 1.4208069641248033
  y: 190.0
  z: 3.277100565409486
  yaw: -133.90137
  pitch: 34.79783
