timestamps:
  login: 1455644017551
  logout: 1455644049432
ipAddress: 90.78.75.240
lastlocation:
  world: world
  x: -5.5
  y: 189.0
  z: 0.5
  yaw: 0.0
  pitch: 0.0
logoutlocation:
  world: world
  x: -1.3567610048430416
  y: 190.5
  z: 0.487900348380208
  yaw: -358.23306
  pitch: 6.829597
