timestamps:
  login: 1457288905640
  kits:
    bouffe: 1457289313236
    octonien: 1457289251696
  lastteleport: 1457289351916
  logout: 1457289395632
ipAddress: 86.223.31.49
lastlocation:
  world: world
  x: 2107.5
  y: 24.0
  z: 1748.5
  yaw: -47.4069
  pitch: 22.049974
homes:
  home:
    world: world
    x: 2096.300000011921
    y: 44.0
    z: 1736.8439528381307
    yaw: -309.15695
    pitch: -14.849973
logoutlocation:
  world: world
  x: 2108.4423054190024
  y: 39.0
  z: 1747.7563647245688
  yaw: -181.95715
  pitch: 55.65003
uuid: 3ef1dd54-7f3a-3885-979b-f6cd2e54bc0f
