timestamps:
  login: 1455279771894
  kits:
    octonien: 1455269907307
  logout: 1455279797643
ipAddress: 92.135.45.35
lastlocation:
  world: world
  x: 4.5
  y: 186.0
  z: 5.5
  yaw: 0.0
  pitch: 0.0
logoutlocation:
  world: world
  x: 4.69999998807907
  y: 185.0
  z: 4.221391032448568
  yaw: -114.44049
  pitch: 1.3499966
