uuid: c3ac10ff-3e5c-38dd-8b75-dd067c50cf6b
timestamps:
  login: 1456322692242
  kits:
    bouffe: 1456321715036
    octonien: 1456321047094
  logout: 1456323289604
  lastteleport: 1456322620468
ipAddress: 176.148.124.27
lastlocation:
  world: world
  x: 191.69999998807907
  y: 68.0
  z: 285.30000001192093
  yaw: -285.4785
  pitch: 20.249998
logoutlocation:
  world: world
  x: 28.182721045269304
  y: 71.0
  z: -949.8564700693881
  yaw: -205.09998
  pitch: 39.15
homes:
  home:
    world: world
    x: 60.482258317384094
    y: 63.0
    z: -331.74536704796026
    yaw: -193.54956
    pitch: 3.4499521
