timestamps:
  login: 1456671742682
  kits:
    bouffe: 1456586523451
    octonien: 1456671756708
    decouverte: 1456671861047
  lastteleport: 1456672362101
  logout: 1456672409717
  lastheal: 1456587795289
ipAddress: 77.144.108.10
lastlocation:
  world: world
  x: 9154.860934034145
  y: 5.0
  z: -3402.8951727700837
  yaw: 63.31317
  pitch: 62.09999
homes:
  home:
    world: world
    x: 7102.906913853366
    y: 63.0
    z: -6002.437750824807
    yaw: -343.31577
    pitch: -2.5279107
logoutlocation:
  world: world
  x: 9152.066659092125
  y: 5.0
  z: -3405.602257059912
  yaw: 311.71338
  pitch: 34.64998
money: '4029.66'
uuid: 0e55ed4f-7e49-3986-b824-34ecb49c5193
