timestamps:
  login: 1455536026831
  logout: 1455536038102
ipAddress: 31.32.185.147
lastlocation:
  world: world
  x: 4.5
  y: 187.0
  z: -5.5
  yaw: 0.0
  pitch: 0.0
logoutlocation:
  world: world
  x: 0.554661977443095
  y: 190.5
  z: 0.043630960113780426
  yaw: -173.113
  pitch: 37.080643
