uuid: bec84fdc-802a-39ff-a2ac-5c2c4111d71d
timestamps:
  login: 1456322520181
  logout: 1456322573498
ipAddress: 80.201.195.79
lastlocation:
  world: world
  x: -0.5
  y: 189.0
  z: -4.5
  yaw: 0.0
  pitch: 0.0
logoutlocation:
  world: world
  x: -9.163275799208906
  y: 189.0
  z: -3.3784114634894538
  yaw: -112.35788
  pitch: -7.755296
