uuid: 920ed81e-9571-3fab-ae2f-1db8736629e2
timestamps:
  login: 1457285020470
  kits:
    bouffe: 1456937386023
    octonien: 1456937379549
  lastteleport: 1457268034304
  logout: 1457285322543
ipAddress: 88.178.50.65
lastlocation:
  world: world
  x: 3206.479509708073
  y: 64.0
  z: -2681.284022848031
  yaw: -238.8
  pitch: 39.299995
logoutlocation:
  world: world
  x: -2.545373801160024
  y: 189.0
  z: -3.795050772275178
  yaw: -348.85162
  pitch: 8.097835
homes:
  home:
    world: world
    x: -2786.280036819672
    y: 36.875
    z: 1180.7379515768134
    yaw: -10.045696
    pitch: 51.899025
