timestamps:
  login: 1457267440090
  logout: 1457272377626
  kits:
    bouffe: 1457262814875
    octonien: 1457262820882
    decouverte: 1457262796335
  lastteleport: 1457272306672
  lastheal: 1455114533174
ipAddress: 2.1.170.168
lastlocation:
  world: world
  x: 3338.9860709745335
  y: 6.0
  z: -8.330779733112418
  yaw: 196.05087
  pitch: 4.499997
logoutlocation:
  world: world
  x: 3339.07576338606
  y: 6.0
  z: -9.224587447458799
  yaw: 144.45154
  pitch: 53.399982
homes:
  home:
    world: world
    x: 2955.688651799323
    y: 5.0
    z: 1121.6742830721107
    yaw: -153.15405
    pitch: 29.250034
money: '4375.0'
uuid: 6572232a-7849-3f18-9868-34e8d41c8101
