timestamps:
  login: 1455397085024
  lastteleport: 1455397105119
  logout: 1455397138748
ipAddress: 83.79.254.14
lastlocation:
  world: world
  x: -1045.7724412322896
  y: 62.0
  z: -7293.753763231838
  yaw: 296.10043
  pitch: 41.400063
logoutlocation:
  world: world
  x: -2237.4989592590523
  y: 63.0
  z: -4863.380571719779
  yaw: 24.543352
  pitch: 64.79975
