timestamps:
  login: 1455059907123
  kits:
    octonien: 1455059173938
  logout: 1455060100408
ipAddress: 92.131.234.40
lastlocation:
  world: world
  x: -2.5
  y: 191.0
  z: 2.5
  yaw: 0.0
  pitch: 0.0
logoutlocation:
  world: world
  x: -4.4913036515101785
  y: 184.0
  z: -68.36851154167218
  yaw: -23.32861
  pitch: 52.30673
