uuid: 558f802a-43cc-35d3-b655-470c6f3234a4
timestamps:
  login: 1456581958870
  kits:
    bouffe: 1456579317888
    octonien: 1456582697132
    decouverte: 1456579242840
  lastteleport: 1456583165897
  logout: 1456583253381
  lastheal: 1456583065691
ipAddress: 90.16.208.206
lastlocation:
  world: world
  x: -180.43831969889254
  y: 29.0
  z: -7.039419679027349
  yaw: -173.64015
  pitch: 7.7995415
homes:
  home:
    world: world
    x: -4541.164980328621
    y: 253.875
    z: -2577.7516462378308
    yaw: -121.11914
    pitch: 28.200129
logoutlocation:
  world: world
  x: -4540.642384519688
  y: 253.875
  z: -2578.4922184935826
  yaw: 25.28186
  pitch: 31.950178
money: '2612.25'
