timestamps:
  login: 1455132607387
  kits:
    bouffe: 1455133147133
    octonien: 1455133140857
  lastteleport: 1455133419327
  lastheal: 1455133391530
  logout: 1455133555891
ipAddress: 2.5.86.159
lastlocation:
  world: world
  x: -187.4677925865714
  y: 29.0
  z: 53.50594065600034
  yaw: 283.0592
  pitch: -6.000095
money: '500.0'
logoutlocation:
  world: world
  x: 0.3500355176654009
  y: 190.0
  z: -1.792795430309921
  yaw: 65.70969
  pitch: 12.899986
homes:
  home:
    world: world
    x: 444.69999998807907
    y: 6.0
    z: -218.52619834623692
    yaw: 99.05805
    pitch: -5.6998806
