timestamps:
  login: 1457180192559
  kits:
    bouffe: 1456318771670
    octonien: 1456318465516
  lastteleport: 1457184020010
  logout: 1457184377239
  jail: 0
ipAddress: 212.194.81.33
lastlocation:
  world: world
  x: -48.69418822269654
  y: 10.0
  z: 2047.8022087473314
  yaw: -183.87354
  pitch: -83.99999
logoutlocation:
  world: world
  x: -593.8352033571074
  y: 249.0
  z: 2392.8769154711376
  yaw: -217.98499
  pitch: 12.450007
homes:
  home:
    world: world
    x: -49.50537895107737
    y: 12.0
    z: 2048.300000011921
    yaw: -277.8279
    pitch: 9.9000025
money: '3310.180'
uuid: 187a6c0c-d4bb-3a20-8d2a-21358cdb71ee
jailed: false
