timestamps:
  login: 1457286780773
  logout: 1457292347224
  kits:
    bouffe: 1457288844514
    heros: 1457290246793
    octonien: 1457209877478
    chevalier: 1457289952202
    destruction: 1457287239372
    xp: 1457277654742
    decouverte: 1457287275716
    construction: 1457287257745
    legendaire: 1457287292446
    alchimiste: 1457287215942
    golden: 1457277662175
  lastteleport: 1457292286359
  lastheal: 1457292272645
ipAddress: 2.3.235.29
lastlocation:
  world: world
  x: 5842.665113166717
  y: 47.875
  z: -6265.6471536657555
  yaw: -193.60509
  pitch: 30.281406
homes:
  home:
    world: world
    x: 5095.698883102923
    y: 5.5
    z: -6153.300000011921
    yaw: 161.73409
    pitch: 14.303716
  xp:
    world: world
    x: 5840.630526952052
    y: 47.0
    z: -6265.588962796695
    yaw: 177.93018
    pitch: 12.085093
  p:
    world: world
    x: -2756.699999988079
    y: 60.0
    z: -4197.4424283190965
    yaw: 134.97385
    pitch: 48.432526
  pp:
    world: world
    x: 8351.177619739423
    y: 71.0
    z: -5120.894147576965
    yaw: 96.616486
    pitch: 13.862748
  b:
    world: world
    x: 5836.762499988079
    y: 22.0
    z: -6264.874676792419
    yaw: -268.86047
    pitch: 9.805692
  xd:
    world: world
    x: 2326.699999988079
    y: 9.0
    z: -8671.300000011921
    yaw: -220.92004
    pitch: 38.99962
logoutlocation:
  world: world
  x: 5836.237500011921
  y: 22.5
  z: -6265.264337030128
  yaw: -163.55852
  pitch: -19.650198
uuid: 47064858-e043-3396-b528-59cd8718e652
money: '12588.0'
