uuid: 91eab223-8856-3d13-a951-961916431be9
timestamps:
  login: 1456155627985
  kits:
    bouffe: 1456155769908
    octonien: 1456155666972
  logout: 1456156082356
ipAddress: 82.239.85.91
lastlocation:
  world: world
  x: -4.5
  y: 189.0
  z: -2.5
  yaw: 0.0
  pitch: 0.0
logoutlocation:
  world: world
  x: -31.650169983288592
  y: 212.0
  z: -32.45873690443236
  yaw: 310.1507
  pitch: 74.4
