uuid: 2aa0c6c0-57e6-3998-ad6b-dc3a19809751
timestamps:
  login: 1456435830951
  kits:
    bouffe: 1456156414214
    octonien: 1456435922763
    chevalier: 1456435624693
    decouverte: 1456062839773
    alchimiste: 1456435462864
  logout: 1456436828948
  lastteleport: 1456436222523
  lastheal: 1456435883557
ipAddress: 90.41.136.126
lastlocation:
  world: world
  x: 4624.835380809268
  y: 73.0
  z: -4775.892293748201
  yaw: -21.839844
  pitch: -2.4249222
logoutlocation:
  world: world
  x: 2.949999988079071
  y: 191.0
  z: 2.9350537860719395
  yaw: -227.80145
  pitch: 27.297848
homes:
  home:
    world: world
    x: 6567.479897175802
    y: 102.0
    z: 4139.660777840334
    yaw: -5.1953797
    pitch: -14.241656
money: '3221.0'
