timestamps:
  login: 1455494001215
  kits:
    octonien: 1455494016731
  logout: 1455494118214
ipAddress: 85.169.102.106
lastlocation:
  world: world
  x: 8.5
  y: 189.0
  z: -9.5
  yaw: 0.0
  pitch: 0.0
logoutlocation:
  world: world
  x: -11.803106065819017
  y: 189.0
  z: -12.32498651883149
  yaw: -65.56299
  pitch: 19.530657
