timestamps:
  login: 1455310519419
  logout: 1455310686013
ipAddress: 197.224.44.106
lastlocation:
  world: world
  x: 1.5
  y: 189.0
  z: 5.5
  yaw: 0.0
  pitch: 0.0
logoutlocation:
  world: world
  x: 2.6253005600084354
  y: 189.0
  z: -30.640223616594774
  yaw: -316.49286
  pitch: -49.081257
