timestamps:
  login: 1455532511889
  lastteleport: 1455534687514
  kits:
    octonien: 1455532640741
  logout: 1455534851317
ipAddress: 88.182.49.10
lastlocation:
  world: world
  x: 8875.848276984945
  y: 63.0
  z: -652.8695837223845
  yaw: 311.10214
  pitch: 15.899872
logoutlocation:
  world: world
  x: 3818.699999988079
  y: 5.0
  z: -1526.4531342304965
  yaw: 11.987305
  pitch: 90.0
