timestamps:
  login: 1455622775282
  kits:
    bouffe: 1455622939014
    octonien: 1455622830540
  logout: 1455623230609
ipAddress: 83.193.19.125
lastlocation:
  world: world
  x: -2.5
  y: 193.0
  z: -2.5
  yaw: 0.0
  pitch: 0.0
logoutlocation:
  world: world
  x: -0.2991417249642258
  y: 187.0
  z: 72.28809243864589
  yaw: 74.98749
  pitch: 64.49997
