uuid: 7ac8a06c-ae77-31c3-a566-2cf70ab327c0
timestamps:
  login: 1457294552927
  kits:
    heros: 1457286737646
    bouffe: 1457285560100
    octonien: 1457285504488
    chevalier: 1457287597193
    xp: 1457285078636
  logout: 1457294695078
  lastteleport: 1457294664687
  lastheal: 1457285725121
ipAddress: 86.197.58.88
lastlocation:
  world: world
  x: 1112.5
  y: 39.0
  z: -1927.5
  yaw: -219.64491
  pitch: 30.521246
logoutlocation:
  world: world
  x: -1573.378006995991
  y: 14.0
  z: 3621.1089545802092
  yaw: 137.99187
  pitch: 19.950058
homes:
  pillage:
    world: world
    x: 1112.054293901391
    y: 39.0
    z: -1927.9673887919807
    yaw: -222.04492
    pitch: 28.871246
money: '0.0'
