timestamps:
  login: 1455494618008
  kits:
    octonien: 1455494630220
  logout: 1455494670808
ipAddress: 85.169.102.106
lastlocation:
  world: world
  x: -2.5
  y: 190.0
  z: 1.5
  yaw: 0.0
  pitch: 0.0
logoutlocation:
  world: world
  x: -13.097309988251967
  y: 189.0
  z: -20.369646880543186
  yaw: -212.11292
  pitch: 37.08067
