timestamps:
  login: 1455275598159
  kits:
    octonien: 1455275611187
  logout: 1455275765010
ipAddress: 77.152.98.142
lastlocation:
  world: world
  x: -7.5
  y: 189.0
  z: -0.5
  yaw: 0.0
  pitch: 0.0
logoutlocation:
  world: world
  x: -0.08534266474708052
  y: 190.5
  z: -0.5576044435519277
  yaw: -186.14047
  pitch: 85.94999
