timestamps:
  login: 1455131959232
  kits:
    octonien: 1455131982643
  logout: 1455132317151
ipAddress: 86.111.137.186
lastlocation:
  world: world
  x: -8.5
  y: 189.0
  z: -9.5
  yaw: 0.0
  pitch: 0.0
logoutlocation:
  world: world
  x: -2042.5273820731197
  y: 27.0
  z: -2791.0375859263863
  yaw: 80.84984
  pitch: 19.049995
