timestamps:
  login: 1455033788989
  lastteleport: 1455034567388
ipAddress: 95.136.155.36
lastlocation:
  world: world
  x: 13.829812146073374
  y: 23.0
  z: -50.5774158149831
  yaw: -78.59119
  pitch: 3.6000326
