uuid: e6e7b324-1d15-37fb-a72e-74edf71be6a1
timestamps:
  login: 1456233103145
  kits:
    bouffe: 1456233244936
    octonien: 1456221787976
    decouverte: 1456222786992
  lastteleport: 1456235965530
  logout: 1456236702025
  lastheal: 1456224246041
ipAddress: 90.28.130.249
lastlocation:
  world: world
  x: 1.4105776403045314
  y: 176.0
  z: 2.0074531403656093
  yaw: 84.039185
  pitch: 34.19124
homes:
  home:
    world: world
    x: 250.85390701365247
    y: 217.875
    z: 1091.9241489769677
    yaw: 177.05972
    pitch: 89.859505
logoutlocation:
  world: world
  x: -56.687909490811066
  y: 188.0
  z: -7.121248833471687
  yaw: -65.305756
  pitch: 34.703968
money: '84.0'
