socialspy: false
timestamps:
  login: 1457289779100
  kits:
    heros: 1457265474095
    bouffe: 1457289123642
    octonien: 1457266865939
    chevalier: 1457265758880
    destruction: 1457276375725
    decouverte: 1457276371212
    xp: 1457276366218
    legendaire: 1457276346879
    golden: 1457276368514
    alchimiste: 1457276343038
  lastteleport: 1457290091593
  logout: 1457290157541
  lastheal: 1457289124824
  mute: 0
  jail: 0
ipAddress: 89.157.62.136
lastlocation:
  world: world
  x: -4030.100167561834
  y: 5.0
  z: -2251.749328005411
  yaw: 109.311066
  pitch: 34.013584
logoutlocation:
  world: world
  x: 3742.3105851469654
  y: 17.0
  z: 4651.613659135146
  yaw: -88.12845
  pitch: -64.950005
homes:
  nord:
    world: world
    x: -41.74578949955141
    y: 64.0
    z: -281.1234955538254
    yaw: -44.939682
    pitch: 14.249978
  ni:
    world: world
    x: -4034.6071078722716
    y: 5.0
    z: -2251.379950484021
    yaw: 272.20966
    pitch: 75.93575
  base:
    world: world
    x: 2532.576244010845
    y: 88.0
    z: 6495.687647594405
    yaw: -127.67047
    pitch: 39.750088
  home:
    world: world
    x: 2833.5
    y: 7.0
    z: 4458.5
    yaw: -1.3824108
    pitch: -90.0
  m:
    world: world
    x: 2782.482788140054
    y: 68.0
    z: 4447.66336201132
    yaw: -99.55243
    pitch: 2.4850345
  sky:
    world: world
    x: 3740.600554387891
    y: 7.0
    z: 4649.541787095003
    yaw: 32.171623
    pitch: 14.849992
money: '37.320'
muted: false
ignore:
- xgamesx
- gablespion
- thekiller1603
- thekiller2709
uuid: 949cdda8-6540-332a-a994-45acb82eb284
jailed: false
