timestamps:
  login: 1455485629365
  kits:
    bouffe: 1455485875444
    octonien: 1455485649387
  logout: 1455486416050
ipAddress: 90.20.4.229
lastlocation:
  world: world
  x: 5.5
  y: 189.0
  z: -8.5
  yaw: 0.0
  pitch: 0.0
logoutlocation:
  world: world
  x: -149.441990002377
  y: 64.0
  z: 924.0242561842465
  yaw: -39.914673
  pitch: 19.20005
