timestamps:
  login: 1455303712492
  logout: 1455304015301
ipAddress: 78.240.75.19
lastlocation:
  world: world
  x: -6.5
  y: 187.0
  z: -4.5
  yaw: 0.0
  pitch: 0.0
logoutlocation:
  world: world
  x: 0.5
  y: 190.5
  z: 0.5
  yaw: -181.36298
  pitch: 70.68065
