uuid: 8884742a-b922-3831-8ccf-bf2c89093026
timestamps:
  login: 1457202655725
  logout: 1457202743625
ipAddress: 82.212.180.237
lastlocation:
  world: world
  x: -4.5
  y: 189.0
  z: -4.5
  yaw: 0.0
  pitch: 0.0
logoutlocation:
  world: world
  x: -23.238606889602153
  y: 189.0
  z: -14.89234736221276
  yaw: -274.90115
  pitch: 60.44781
