timestamps:
  login: 1455105203315
  lastteleport: 1455105261744
  kits:
    octonien: 1455105269474
  logout: 1455105388460
ipAddress: 80.9.232.197
lastlocation:
  world: world
  x: -3.2850079198203117
  y: 190.0
  z: 0.7537364777410714
  yaw: -154.79022
  pitch: -12.900016
logoutlocation:
  world: world
  x: 852.6999999880791
  y: 11.0
  z: -2150.377943760422
  yaw: -269.89178
  pitch: 26.7
