timestamps:
  login: 1454953883273
  kits:
    bouffe: 1454953169451
    octonien: 1454953104095
  logout: 1454953663283
ipAddress: 90.4.22.58
lastlocation:
  world: world
  x: -6.5
  y: 189.0
  z: 0.5
  yaw: 0.0
  pitch: 0.0
logoutlocation:
  world: world
  x: 38.96891324022228
  y: 189.5
  z: 13.695827655438165
  yaw: -52.040794
  pitch: 3.599836
