timestamps:
  login: 1455557680177
  kits:
    octonien: 1455557804301
  logout: 1455558851913
  lastteleport: 1455558742407
ipAddress: 77.198.86.183
lastlocation:
  world: world
  x: -2.919889271724969
  y: 191.0
  z: -1.949999988079071
  yaw: -188.713
  pitch: 52.080635
logoutlocation:
  world: world
  x: 0.13290549874023327
  y: 190.5
  z: 0.6625334700997322
  yaw: -217.36299
  pitch: 55.050003
homes:
  home:
    world: world
    x: 0.13290549874023327
    y: 190.5
    z: 0.6625334700997322
    yaw: -217.36299
    pitch: 55.050003
