timestamps:
  login: 1456153828032
  kits:
    bouffe: 1455354480462
    octonien: 1455654866087
    decouverte: 1455741032763
  lastteleport: 1456154027490
  logout: 1456154200796
  lastheal: 1455736299086
ipAddress: 88.180.17.76
lastlocation:
  world: world
  x: -3378.6873765400833
  y: 48.0
  z: -4728.4710738558715
  yaw: -83.6449
  pitch: 28.210255
homes:
  home:
    world: world
    x: -2319.699999988079
    y: 15.0
    z: -1246.300000011921
    yaw: 192.30435
    pitch: 18.946785
logoutlocation:
  world: world
  x: 1.743068612318373
  y: 176.0
  z: -0.846637301397708
  yaw: 90.333984
  pitch: 8.775895
money: '90.0'
uuid: 20f51bf2-56ff-3421-96af-064508be9172
