timestamps:
  login: 1454953778757
  kits:
    octonien: 1454952520412
  logout: 1454953864412
ipAddress: 78.202.221.128
lastlocation:
  world: world
  x: 2.5
  y: 192.0
  z: 3.5
  yaw: 0.0
  pitch: 0.0
logoutlocation:
  world: world
  x: -0.05640325665323344
  y: 191.0
  z: 0.06084168811078994
  yaw: -169.6406
  pitch: 58.499874
