uuid: 66e4b5ce-dbb0-3545-a93e-90f18410af27
timestamps:
  login: 1455807666009
  kits:
    bouffe: 1455807867682
    octonien: 1455807709443
  logout: 1455808337201
ipAddress: 78.235.141.12
lastlocation:
  world: world
  x: -2.5
  y: 189.0
  z: -7.5
  yaw: 0.0
  pitch: 0.0
logoutlocation:
  world: world
  x: -312.69999998807907
  y: 23.0
  z: -110.30000001192094
  yaw: 12.5668335
  pitch: 90.0
