timestamps:
  login: 1457257573535
  kits:
    octonien: 1455367920522
  lastteleport: 1457258471062
  logout: 1457258485737
ipAddress: 86.213.243.90
lastlocation:
  world: world
  x: 1.2847353654296816
  y: 176.0
  z: 0.40560120939447697
  yaw: -262.15173
  pitch: -5.3999963
logoutlocation:
  world: world
  x: 0.5
  y: 190.5
  z: 0.5
  yaw: -354.40097
  pitch: 2.8478224
uuid: ec8a0814-cdbf-3359-af39-376b75b69ab9
