uuid: 80d3de57-dc0b-317d-b6a7-a5c0ca849605
timestamps:
  login: 1455922068720
  kits:
    octonien: 1455916884036
  lastheal: 1455923300902
  logout: 1455923331413
  lastteleport: 1455923233209
ipAddress: 86.253.230.148
lastlocation:
  world: world
  x: 1488.144282739457
  y: 6.0
  z: -2164.764638127269
  yaw: 303.34186
  pitch: 27.424393
logoutlocation:
  world: world
  x: 2877.300000011921
  y: 109.0
  z: -5723.408099313025
  yaw: 100.77705
  pitch: 25.541107
homes:
  home:
    world: world
    x: 1263.503616643972
    y: 65.0
    z: -4131.553344587644
    yaw: 100.571594
    pitch: 72.67365
ban:
  reason: 'Banni : Le marteau du bannissement a frappé !'
  timeout: 0
