timestamps:
  login: 1455723796357
  kits:
    octonien: 1455723806212
  logout: 1455723866511
ipAddress: 90.24.208.110
lastlocation:
  world: world
  x: -0.5
  y: 189.0
  z: -3.5
  yaw: 0.0
  pitch: 0.0
logoutlocation:
  world: world
  x: -0.1171770091306238
  y: 190.5
  z: 0.7039789129742813
  yaw: -224.58302
  pitch: -90.0
