timestamps:
  login: 1455662304996
  kits:
    octonien: 1455662320869
  logout: 1455662564905
ipAddress: 176.135.74.156
lastlocation:
  world: world
  x: -7.5
  y: 189.0
  z: -7.5
  yaw: 0.0
  pitch: 0.0
logoutlocation:
  world: world
  x: -2.118114564995662
  y: 190.5
  z: -0.4226405885845892
  yaw: 165.26727
  pitch: 48.6796
