timestamps:
  login: 1456273669954
  kits:
    bouffe: 1456063124399
    octonien: 1456273685364
  lastteleport: 1456064839618
  logout: 1456273697254
  mute: 0
ipAddress: 81.251.84.180
lastlocation:
  world: world
  x: -2094.399210260706
  y: 27.5
  z: -3289.1471168348266
  yaw: -256.7182
  pitch: 41.48932
homes:
  home:
    world: world
    x: -3.3972308244153955
    y: 36.0
    z: -1.2776877748510524
    yaw: -58.926453
    pitch: -13.33582
muted: false
logoutlocation:
  world: world
  x: -2096.699999988079
  y: 27.0
  z: -3288.3386711099615
  yaw: -253.57483
  pitch: -21.480259
money: '14936.0'
uuid: 12373306-ac87-372c-b406-2bd5a6f2379b
