timestamps:
  login: 1455110599887
  kits:
    octonien: 1454947286366
  logout: 1455110695979
ipAddress: 85.26.66.32
lastlocation:
  world: world
  x: -10.5
  y: 189.0
  z: 6.5
  yaw: 0.0
  pitch: 0.0
logoutlocation:
  world: world
  x: 18.70660942820843
  y: 189.0
  z: 2.2376708923683823
  yaw: -42.557617
  pitch: 19.037092
