uuid: 4579cebd-4321-3733-89b8-d5391c242c58
timestamps:
  login: 1455967591156
  logout: 1455967654788
ipAddress: 81.66.103.178
lastlocation:
  world: world
  x: 8.5
  y: 189.0
  z: -3.5
  yaw: 0.0
  pitch: 0.0
logoutlocation:
  world: world
  x: -1628.1613589852627
  y: 69.0
  z: -1888.839645897688
  yaw: -16.864735
  pitch: 7.62036
