socialspy: false
timestamps:
  login: 1454873646277
  logout: 1454873660813
  kits:
    bouffe: 1454873654252
    octonien: 1454873652927
  lastteleport: 1454857782290
ipAddress: 78.129.95.233
lastlocation:
  world: world
  x: 62.818192545783376
  y: 201.0
  z: 21.23429081489765
  yaw: -73.19993
  pitch: 20.699972
logoutlocation:
  world: world
  x: -662.951307461223
  y: 64.0
  z: -3381.489510946382
  yaw: -111.149994
  pitch: 6.45
