timestamps:
  login: 1455399082106
  kits:
    octonien: 1455397802742
  lastteleport: 1455405226167
  logout: 1455405418064
ipAddress: 83.201.32.130
lastlocation:
  world: world
  x: -11.896904707257208
  y: 189.0
  z: -17.740657498162115
  yaw: 223.6171
  pitch: 25.434862
logoutlocation:
  world: world
  x: 3764.610648186099
  y: 63.0
  z: -2045.18031974637
  yaw: 176.32263
  pitch: 34.6516
