timestamps:
  login: 1455165677751
  kits:
    octonien: 1455164529553
  lastteleport: 1455165070452
  logout: 1455166553551
ipAddress: 109.203.251.246
lastlocation:
  world: world
  x: -3.925878675835806
  y: 180.0
  z: -2.6999999880790666
  yaw: 348.01038
  pitch: 53.250008
logoutlocation:
  world: world
  x: -55.921251168237546
  y: 189.0
  z: -5.849589095267328
  yaw: 70.209656
  pitch: 22.499987
