timestamps:
  login: 1455670130672
  logout: 1455670328129
  kits:
    octonien: 1455670190284
ipAddress: 207.134.47.57
lastlocation:
  world: world
  x: 7.5
  y: 189.0
  z: 1.5
  yaw: 0.0
  pitch: 0.0
logoutlocation:
  world: world
  x: -0.11329312206283738
  y: 189.0
  z: 5.663429435304906
  yaw: -0.63305664
  pitch: 9.379598
