timestamps:
  login: 1457207744270
  logout: 1456846793130
  kits:
    octonien: 1456844459505
  lastteleport: 1456844910172
ipAddress: 88.138.94.53
lastlocation:
  world: world
  x: 1.6022351682050924
  y: 176.0
  z: -1.0504232313763227
  yaw: 87.68115
  pitch: -3.3200781
logoutlocation:
  world: world
  x: 3242.1930765262614
  y: 28.0
  z: -3007.051990906146
  yaw: 246.53171
  pitch: 53.353092
uuid: cd7aff65-0f48-3957-ae01-a89355af385c
