timestamps:
  login: 1455980205156
  kits:
    bouffe: 1455722437957
    octonien: 1455980845628
    decouverte: 1455721556545
  logout: 1455982345588
  lastteleport: 1455981427553
  lastheal: 1455981712324
ipAddress: 77.196.238.158
lastlocation:
  world: world
  x: -1676.4951675622976
  y: 14.0
  z: -6752.43784016276
  yaw: 188.81659
  pitch: 9.74999
logoutlocation:
  world: world
  x: -2999.863388525873
  y: 22.0
  z: -5909.495558350348
  yaw: 165.35645
  pitch: 8.099986
homes:
  home:
    world: world
    x: -1269.603639746725
    y: 5.0
    z: 9216.182343878354
    yaw: 160.78357
    pitch: 41.890476
money: '3.0'
uuid: f7537658-b1a7-3cb4-9abf-69609622e6da
