uuid: 00abe5a1-4ab6-32fd-8770-0cfb813c2a84
timestamps:
  login: 1455838657161
  kits:
    bouffe: 1455838693351
    octonien: 1455838673276
  lastteleport: 1455839718025
  logout: 1455839282974
ipAddress: 93.11.139.67
lastlocation:
  world: world
  x: -0.1171770091306238
  y: 190.5
  z: 0.7039789129742813
  yaw: -357.4831
  pitch: 6.5295973
