uuid: c4eb7551-4a80-3674-b8fd-4a34fcbdbf7b
timestamps:
  login: 1457332064323
  kits:
    bouffe: 1457289040047
    octonien: 1457271836240
    decouverte: 1457288656260
  logout: 1457332624143
  lastteleport: 1457332377374
  lastheal: 1457294210225
ipAddress: 109.132.207.198
lastlocation:
  world: world
  x: -2471.6822400234378
  y: 5.0
  z: -9248.124398544775
  yaw: 121.765015
  pitch: 48.29997
logoutlocation:
  world: world
  x: -2478.2592660884575
  y: 8.5
  z: -9250.455974104387
  yaw: 82.73883
  pitch: -4.3939824
homes:
  home:
    world: world
    x: -495.30000001192093
    y: 5.0
    z: -3720.75788367149
    yaw: 191.91263
    pitch: 59.549995
money: '279.1'
