timestamps:
  login: 1455723207832
  kits:
    octonien: 1455723243902
  logout: 1455724598592
ipAddress: 89.170.29.109
lastlocation:
  world: world
  x: -9.5
  y: 189.0
  z: -1.5
  yaw: 0.0
  pitch: 0.0
logoutlocation:
  world: world
  x: 3.4381078721811886
  y: 189.0
  z: 9.288494903390564
  yaw: -66.78308
  pitch: 12.679599
