timestamps:
  login: 1455138804325
  lastteleport: 1455138970289
  logout: 1455139152488
ipAddress: 90.62.215.52
lastlocation:
  world: world
  x: -80.30656608788513
  y: 29.0
  z: 63.765525462885336
  yaw: -81.44153
  pitch: 14.250039
logoutlocation:
  world: world
  x: 68.17611429531922
  y: 187.0
  z: -10.29063055151003
  yaw: -303.30563
  pitch: 51.51384
