timestamps:
  login: 1455069451349
  lastteleport: 1455069465449
  logout: 1455069488649
ipAddress: 88.172.188.144
lastlocation:
  world: world
  x: -0.3104116808325619
  y: 190.0
  z: -2.2774429330599086
  yaw: -175.19061
  pitch: 18.900011
logoutlocation:
  world: world
  x: -970.6999999880791
  y: 23.0
  z: -2932.300000011921
  yaw: -217.65044
  pitch: 63.59978
