uuid: f21e3f6f-7239-3cb9-bc0e-688b253959b0
timestamps:
  login: 1456680294175
  kits:
    bouffe: 1456681538476
    octonien: 1456680314875
  logout: 1456682945482
ipAddress: 88.127.56.87
lastlocation:
  world: world
  x: -0.5
  y: 190.0
  z: -1.5
  yaw: 0.0
  pitch: 0.0
homes:
  home:
    world: world
    x: 796.6999999880788
    y: 61.0
    z: 407.5972798632624
    yaw: 109.239
    pitch: 79.9499
logoutlocation:
  world: world
  x: 796.6999999880788
  y: 8.0
  z: 407.6999999880788
  yaw: -249.55286
  pitch: 71.249985
