socialspy: false
timestamps:
  login: 1457298942748
  kits:
    bouffe: 1455395654700
    octonien: 1455572171571
    decouverte: 1456663147888
  lastteleport: 1457299698413
  logout: 1457299607834
  lastheal: 1457299568362
  mute: 0
ipAddress: 109.29.235.8
lastlocation:
  world: world
  x: 6498.483339889908
  y: 29.0
  z: 7561.380592070674
  yaw: -47.62613
  pitch: 49.199978
money: '1390.435'
homes:
  home:
    world: world
    x: 6510.809623033952
    y: 29.0
    z: 7558.819421663188
    yaw: -6.6760254
    pitch: 7.6499763
logoutlocation:
  world: world
  x: 6531.335332638846
  y: 29.0
  z: 7561.1900974794
  yaw: 66.52396
  pitch: 16.649979
muted: false
uuid: ecd51a37-2fb4-3ca6-b48c-77b9f2c51dd4
