timestamps:
  login: 1455387331671
  kits:
    octonien: 1455387358521
  logout: 1455387466208
ipAddress: 109.208.224.249
lastlocation:
  world: world
  x: 6.5
  y: 187.0
  z: 6.5
  yaw: 0.0
  pitch: 0.0
logoutlocation:
  world: world
  x: 0.13290549874023327
  y: 190.5
  z: 0.6625334700997322
  yaw: -176.63574
  pitch: 47.635418
