timestamps:
  login: 1455148179348
  kits:
    octonien: 1455148210565
  logout: 1455148312858
ipAddress: 217.15.238.25
lastlocation:
  world: world
  x: -5.5
  y: 186.0
  z: -3.5
  yaw: 0.0
  pitch: 0.0
logoutlocation:
  world: world
  x: -58.75717048202734
  y: 10.0
  z: -274.99833536876923
  yaw: -167.39056
  pitch: 78.45
