timestamps:
  login: 1455387029696
  kits:
    bouffe: 1455321754290
    octonien: 1455321559529
  logout: 1455387330406
ipAddress: 78.230.208.163
lastlocation:
  world: world
  x: -3.5
  y: 189.0
  z: -9.5
  yaw: 0.0
  pitch: 0.0
logoutlocation:
  world: world
  x: -303.5877901970364
  y: 60.0
  z: 572.8849010581608
  yaw: -15.006256
  pitch: 38.804817
