uuid: 4b7d828e-ba89-3dbb-a400-1e505b761a97
timestamps:
  login: 1456434949658
  lastteleport: 1456435429439
  kits:
    octonien: 1456435421168
ipAddress: 90.11.185.97
lastlocation:
  world: world
  x: 7939.722274259138
  y: 18.0
  z: 5955.601866176857
  yaw: -0.5890808
  pitch: 8.250001
