uuid: 9b8dcc80-fa03-3872-8148-a917fc09c58c
timestamps:
  login: 1455969335779
  logout: 1455970331853
ipAddress: 78.241.60.148
lastlocation:
  world: world
  x: 2.5
  y: 189.0
  z: -7.5
  yaw: 0.0
  pitch: 0.0
logoutlocation:
  world: world
  x: -10.319703668355928
  y: 195.0
  z: 29.699999988079064
  yaw: -42.18164
  pitch: 23.699991
