timestamps:
  login: 1455415752783
  kits:
    octonien: 1455415839671
  logout: 1455416171572
ipAddress: 178.19.141.46
lastlocation:
  world: world
  x: -1.5
  y: 190.0
  z: 3.5
  yaw: 0.0
  pitch: 0.0
logoutlocation:
  world: world
  x: -0.020870108114602937
  y: 190.5
  z: 1.226196970357913
  yaw: -180.01312
  pitch: 18.780626
