uuid: 4ea8b57d-037d-3b5f-b594-0763bc243f99
timestamps:
  login: 1457270392568
  lastteleport: 1457272365993
  kits:
    minerais: 1457270823353
    bouffe: 1457184811840
    octonien: 1457271546720
    destruction: 1457271292134
    decouverte: 1457271386120
    xp: 1457185076127
    construction: 1457271334965
    golden: 1457271268061
    alchimiste: 1457271426294
  logout: 1457266266737
  lastheal: 1456426382288
ipAddress: 81.49.134.24
lastlocation:
  world: world
  x: -4360.231949064007
  y: 32.0
  z: -232.69999998807907
  yaw: 336.00012
  pitch: -25.049828
homes:
  home:
    world: world
    x: -4365.511616493881
    y: 53.0
    z: -240.69999998807907
    yaw: 194.0993
    pitch: 47.849846
logoutlocation:
  world: world
  x: -3483.366246408163
  y: 80.0
  z: 5408.74564810886
  yaw: 162.55502
  pitch: 23.303953
money: '590.0'
