timestamps:
  login: 1455441883815
  kits:
    bouffe: 1455378246079
    octonien: 1455441897627
  logout: 1455442393765
ipAddress: 78.114.122.73
lastlocation:
  world: world
  x: 0.5
  y: 190.0
  z: 3.5
  yaw: 0.0
  pitch: 0.0
logoutlocation:
  world: world
  x: -1601.959951187166
  y: 14.0
  z: -2048.7027041250876
  yaw: -76.50012
  pitch: 8.399986
