timestamps:
  login: 1455198001872
  logout: 1455198006907
ipAddress: 82.227.69.244
lastlocation:
  world: world
  x: -9.5
  y: 189.0
  z: -7.5
  yaw: 0.0
  pitch: 0.0
logoutlocation:
  world: world
  x: -0.26487413884274225
  y: 189.0
  z: -6.796630031936566
  yaw: -173.98155
  pitch: 26.080868
