uuid: 758527d2-fe8d-3bdf-8012-cc4631fcde72
timestamps:
  login: 1457128322055
  logout: 1457128498546
ipAddress: 86.252.159.248
lastlocation:
  world: world
  x: -0.5
  y: 207.0
  z: 1.5
  yaw: 0.0
  pitch: 0.0
logoutlocation:
  world: world
  x: 0.958090411639904
  y: 189.0
  z: -5.664079719248382
  yaw: -163.75104
  pitch: 17.100002
