timestamps:
  login: 1455461681028
  kits:
    bouffe: 1455461694697
    octonien: 1455461690366
  lastteleport: 1455461760094
  logout: 1455461913154
ipAddress: 88.169.100.217
lastlocation:
  world: world
  x: 14.041757398755848
  y: 189.0
  z: -11.358287594574874
  yaw: -240.013
  pitch: 13.530651
logoutlocation:
  world: world
  x: -5361.699999988079
  y: 6.0
  z: 7626.863994670121
  yaw: 271.0794
  pitch: 19.950043
