timestamps:
  login: 1455225051428
  logout: 1455225154929
ipAddress: 81.251.119.95
lastlocation:
  world: world
  x: 4.5
  y: 189.0
  z: -0.5
  yaw: 0.0
  pitch: 0.0
logoutlocation:
  world: world
  x: 6.5725792862172945
  y: 187.0
  z: -50.39158016729513
  yaw: -155.97554
  pitch: 17.994617
