socialspy: false
timestamps:
  login: 1455736529923
  logout: 1455737577174
  kits:
    bouffe: 1455717008487
    octonien: 1455737368481
  lastteleport: 1455737497457
  lastheal: 1455737471513
ipAddress: 109.220.143.121
lastlocation:
  world: world
  x: -264.74370159506145
  y: 64.0
  z: 223.0201473792019
  yaw: -63.63297
  pitch: 27.379599
logoutlocation:
  world: world
  x: -2304.9118950022134
  y: 49.0
  z: 9539.020233015652
  yaw: 14.853724
  pitch: 25.627247
homes:
  home:
    world: world
    x: -228.69043422178282
    y: 42.0
    z: 280.45259848193274
    yaw: -83.15051
    pitch: 6.113342
money: '422.0'
