timestamps:
  login: 1455118463202
  kits:
    octonien: 1455118498522
  lastteleport: 1455118618942
  logout: 1455119036203
ipAddress: 92.90.142.17
lastlocation:
  world: world
  x: 6.956433423955212
  y: 38.0
  z: -191.69999998807907
  yaw: -184.94916
  pitch: 21.6
logoutlocation:
  world: world
  x: -3.0024498073565526
  y: 189.0
  z: 7.6615679566495425
  yaw: -324.021
  pitch: 51.150063
