timestamps:
  login: 1455486559368
  logout: 1455487726763
ipAddress: 78.231.4.46
lastlocation:
  world: world
  x: -9.5
  y: 189.0
  z: -5.5
  yaw: 0.0
  pitch: 0.0
logoutlocation:
  world: world
  x: -6.343394497722981
  y: 189.0
  z: -7.941641842590213
  yaw: -299.55994
  pitch: 2.099971
ban:
  reason: 'Banni : Le marteau du bannissement a frappé !'
  timeout: 0
