timestamps:
  login: 1455719324752
  kits:
    bouffe: 1455713032049
    octonien: 1455709442237
  logout: 1455719352549
ipAddress: 109.222.59.170
lastlocation:
  world: world
  x: 46.75970552708841
  y: 188.0
  z: -2.3113141063361837
  yaw: -269.47577
  pitch: 47.409126
logoutlocation:
  world: world
  x: 6072.738336043669
  y: 6.0
  z: 6074.1263651664785
  yaw: 114.80023
  pitch: 68.153885
