timestamps:
  login: 1455049603500
  logout: 1455049606319
ipAddress: 78.200.246.4
lastlocation:
  world: world
  x: 0.5
  y: 189.0
  z: 7.5
  yaw: 0.0
  pitch: 0.0
logoutlocation:
  world: world
  x: -0.5
  y: 191.28502770378924
  z: 0.5
  yaw: -180.44048
  pitch: 81.74999
