uuid: 154790f2-3211-3434-bbae-ba6969fd72cc
timestamps:
  login: 1456431878888
  kits:
    bouffe: 1456432175929
    octonien: 1456431915565
  lastteleport: 1456432743363
ipAddress: 77.148.156.140
lastlocation:
  world: world
  x: -1.571422668318594
  y: 190.5
  z: 1.3301673952021555
  yaw: -263.8991
  pitch: 26.757736
homes:
  home:
    world: world
    x: 45.436722551580814
    y: 79.0
    z: 581.7621236969211
    yaw: -3.793335
    pitch: 40.950134
