timestamps:
  login: 1455556474098
  logout: 1455556485873
ipAddress: 80.12.43.128
lastlocation:
  world: world
  x: 8.5
  y: 189.0
  z: 1.5
  yaw: 0.0
  pitch: 0.0
logoutlocation:
  world: world
  x: 0.5
  y: 190.5
  z: 0.5
  yaw: -183.16296
  pitch: 69.33066
