timestamps:
  login: 1455655895675
  kits:
    octonien: 1455503965857
  lastteleport: 1455573314698
  logout: 1455656605354
ipAddress: 166.62.200.64
lastlocation:
  world: world
  x: -0.5000917662611273
  y: 189.0
  z: 9.083639468948986
  yaw: 71.537094
  pitch: 14.280636
logoutlocation:
  world: world
  x: 2023.300000011921
  y: 5.0
  z: -1631.514612134532
  yaw: 92.3018
  pitch: 12.474108
