uuid: f2296de4-b99e-390a-87c2-a8d2a3ff97c6
timestamps:
  login: 1457263934860
  kits:
    bouffe: 1457259637196
    octonien: 1457259664706
    decouverte: 1457259671818
  logout: 1457264319027
  lastteleport: 1457264225499
  lastheal: 1457264114609
  mute: 0
ipAddress: 109.208.179.162
lastlocation:
  world: world
  x: 23.892637454495606
  y: 189.0
  z: 5.526738719542284
  yaw: -246.55089
  pitch: 16.34782
logoutlocation:
  world: world
  x: 2027.699999988079
  y: 5.5
  z: 1114.8436908572485
  yaw: 308.4007
  pitch: -1.650017
homes:
  home:
    world: world
    x: 2018.3520930934933
    y: 11.0
    z: 1114.65126008467
    yaw: 168.6006
    pitch: 47.699993
muted: false
money: '18303.0'
