socialspy: false
timestamps:
  login: 1454872302087
  logout: 1454872856405
ipAddress: 109.209.167.254
lastlocation:
  world: world
  x: -0.05640325665323345
  y: 191.0
  z: 0.06084168811078994
  yaw: -178.79053
  pitch: 16.049873
logoutlocation:
  world: world
  x: -4.976328355820732
  y: 188.0
  z: 7.699999988079055
  yaw: -20.539795
  pitch: -8.250124
