uuid: 82799852-b24d-3128-a9a0-1fd8b578f0dc
timestamps:
  login: 1456670006454
  kits:
    bouffe: 1456675517064
    octonien: 1456672701867
    decouverte: 1456672352227
  lastteleport: 1456675868869
  logout: 1456676014205
  lastheal: 1456675518743
ipAddress: 82.67.140.45
lastlocation:
  world: world
  x: 997.0694494118479
  y: 79.0
  z: -1697.029493183232
  yaw: -177.7367
  pitch: 1.2000257
homes:
  home:
    world: world
    x: 351.4581833422037
    y: 5.0
    z: -5331.823840794188
    yaw: 177.46045
    pitch: 19.901943
logoutlocation:
  world: world
  x: 0.17574095845083124
  y: 190.5
  z: -0.9944878708513505
  yaw: -268.60193
  pitch: 26.247778
money: '10491.5'
ban:
  reason: Banni temporairement du serveur pour 5 jours.
  timeout: 1457111320719
