timestamps:
  login: 1455106274878
  lastteleport: 1455107753131
  kits:
    octonien: 1454956038176
  logout: 1455109169444
  lastheal: 1455108814040
ipAddress: 109.211.87.104
lastlocation:
  world: world
  x: 3591.437073467487
  y: 64.0
  z: -1100.2065081010592
  yaw: -111.30072
  pitch: 10.649991
logoutlocation:
  world: world
  x: 2688.4580408758416
  y: 5.0
  z: -938.3944430540903
  yaw: 356.92664
  pitch: 36.749996
homes:
  home:
    world: world
    x: 2630.699999988079
    y: 5.0
    z: -1020.7664284959583
    yaw: 307.5746
    pitch: 55.500027
