timestamps:
  login: 1454933894931
  lastteleport: 1454945139417
  logout: 1454945334145
  kits:
    octonien: 1454942450792
ipAddress: 92.152.243.124
lastlocation:
  world: world
  x: -838.586839250599
  y: 5.0
  z: -581.1302822839444
  yaw: 42.459923
  pitch: 26.400059
