uuid: 1d1951f7-5ec5-3cb1-b382-5c0e4869ff5d
timestamps:
  login: 1456522403247
  lastteleport: 1456527336871
  kits:
    bouffe: 1456517410897
    octonien: 1456517417584
  logout: 1456527692776
ipAddress: 5.49.218.90
lastlocation:
  world: world
  x: 5864.530549236064
  y: 44.0
  z: 1301.5054208351778
  yaw: -270.2695
  pitch: 16.649984
logoutlocation:
  world: world
  x: 6989.456201930691
  y: 5.0
  z: -637.6999999880791
  yaw: -355.8642
  pitch: 51.59999
