timestamps:
  login: 1457214132614
  kits:
    heros: 1457138894265
    bouffe: 1457177324744
    octonien: 1457116077948
    druide: 1456063349245
    chevalier: 1457138945859
    decouverte: 1456251818742
    legendaire: 1457138909629
    construction: 1455969653166
    alchimiste: 1457138833116
    golden: 1456063265336
  lastteleport: 1457177265399
  logout: 1457214587486
  lastheal: 1457214455377
ipAddress: 82.231.214.52
lastlocation:
  world: world
  x: -132.23107866019163
  y: 29.0
  z: -66.42545517573596
  yaw: -22.358906
  pitch: 9.326282
homes:
  ap:
    world: world
    x: -57.45926941456667
    y: 64.0
    z: -286.4968732412905
    yaw: 359.19775
    pitch: 9.871246
  base:
    world: world
    x: -3319.27293690508
    y: 247.875
    z: 1827.940326026929
    yaw: 89.92858
    pitch: 11.104401
  bp:
    world: world
    x: -5605.318065386882
    y: 5.0
    z: 105.520266160438
    yaw: 89.14508
    pitch: -4.500158
  sky:
    world: world
    x: -2707.4976126301394
    y: 63.015625
    z: -1943.5253583876565
    yaw: -6.125702
    pitch: 24.074387
  p2:
    world: world
    x: 341.99240699126767
    y: 129.0
    z: -1447.7579014013077
    yaw: 91.937386
    pitch: 28.440561
  raid:
    world: world
    x: -283.8745987656484
    y: 68.0
    z: -216.1366940571543
    yaw: -3.4701843
    pitch: 36.449814
logoutlocation:
  world: world
  x: -5617.275174586102
  y: 5.0
  z: 101.67015250714533
  yaw: 274.08356
  pitch: 21.149652
money: '12732.0'
uuid: 237a22e0-45cb-3b03-99e9-33d5b195105f
