timestamps:
  login: 1455560514510
  kits:
    octonien: 1455560550990
  logout: 1455561437395
ipAddress: 83.195.189.92
lastlocation:
  world: world
  x: 6.5
  y: 189.0
  z: -8.5
  yaw: 0.0
  pitch: 0.0
logoutlocation:
  world: world
  x: -4.050430380476896
  y: 189.0
  z: -11.410111290290027
  yaw: 280.7007
  pitch: 4.200002
