timestamps:
  login: 1455010490222
  kits:
    octonien: 1455010514804
  lastteleport: 1455010816804
  logout: 1455010855071
ipAddress: 109.28.108.251
lastlocation:
  world: world
  x: -0.5
  y: 191.0
  z: 0.5
  yaw: -180.44048
  pitch: 81.74999
logoutlocation:
  world: world
  x: -3.498331551980529
  y: 177.0
  z: 0.483561934851287
  yaw: -289.79047
  pitch: -15.45
