timestamps:
  login: 1455595084562
  kits:
    octonien: 1455595121164
  logout: 1455596297352
ipAddress: 90.58.160.167
lastlocation:
  world: world
  x: 9.5
  y: 189.0
  z: -7.5
  yaw: 0.0
  pitch: 0.0
logoutlocation:
  world: world
  x: 1982.745060194169
  y: 5.0
  z: -1581.5223560602426
  yaw: -86.70075
  pitch: 12.150002
