timestamps:
  login: 1455134341647
  kits:
    octonien: 1455134400713
  lastteleport: 1455135029244
  logout: 1455135175634
ipAddress: 92.140.141.230
lastlocation:
  world: world
  x: -2.9673938601968253
  y: 190.0
  z: -0.37205365581893346
  yaw: -79.9405
  pitch: 38.550007
logoutlocation:
  world: world
  x: -686.3939872933069
  y: 60.0
  z: 351.8805164579559
  yaw: -202.19006
  pitch: 19.350044
