timestamps:
  login: 1455882648248
  kits:
    octonien: 1455535196059
  logout: 1455882977553
ipAddress: 85.68.69.223
lastlocation:
  world: world
  x: -9.5
  y: 189.0
  z: -1.5
  yaw: 0.0
  pitch: 0.0
logoutlocation:
  world: world
  x: -3.0382864533506333
  y: 190.0
  z: 0.5154396379775579
  yaw: 74.68768
  pitch: 3.5999188
uuid: 0fa91022-91e2-3443-982a-0437ac331f22
