uuid: 0ad1f4da-f465-3fa7-a726-f86cd1b6a9f9
timestamps:
  login: 1457039650351
  logout: 1457039689251
ipAddress: 142.217.127.42
lastlocation:
  world: world
  x: -1.5
  y: 206.0
  z: 0.5
  yaw: 0.0
  pitch: 0.0
logoutlocation:
  world: world
  x: 0.31233752286061645
  y: 189.0
  z: 9.475119351760071
  yaw: -347.9544
  pitch: -0.60044056
