uuid: cb9151b9-9784-38e4-8616-9e5a1959c2ae
timestamps:
  login: 1456925969377
  lastteleport: 1456926749707
  logout: 1456926754362
ipAddress: 78.223.151.177
lastlocation:
  world: world
  x: 223.49779351834815
  y: 73.0
  z: -424.39266867062645
  yaw: -239.35156
  pitch: 68.549995
logoutlocation:
  world: world
  x: 0.4514055741019547
  y: 189.5
  z: 3.357115051811432
  yaw: -358.451
  pitch: 10.797822
