uuid: 0b7e701d-13c7-345d-a3e3-a9be8495a7c7
timestamps:
  login: 1455787490796
  logout: 1455787516246
ipAddress: 85.90.2.210
lastlocation:
  world: world
  x: -7.5
  y: 189.0
  z: 9.5
  yaw: 0.0
  pitch: 0.0
logoutlocation:
  world: world
  x: -0.5070641105994582
  y: 190.5
  z: 0.9310179871292744
  yaw: -358.53305
  pitch: 6.829597
