uuid: fa3f6eec-007c-3cc1-a588-6a39aae5446b
timestamps:
  login: 1457265672739
  kits:
    bouffe: 1457207748892
    octonien: 1457265799363
    decouverte: 1457197303077
  lastteleport: 1457266493450
  logout: 1457267267486
  lastheal: 1457266119353
ipAddress: 82.236.229.172
lastlocation:
  world: world
  x: 0.8956085568114572
  y: 189.0
  z: 5.760606599991668
  yaw: -159.75378
  pitch: 0.47815454
logoutlocation:
  world: world
  x: -15.492416479993672
  y: 192.5
  z: -18.147045759487362
  yaw: -191.66266
  pitch: -0.40814966
money: '23399.25'
homes:
  home:
    world: world
    x: 4549.081302183969
    y: 244.875
    z: -1910.897389098628
    yaw: -233.88159
    pitch: 83.20464
