timestamps:
  login: 1455476080730
  logout: 1455476740020
  lastteleport: 1455476317117
ipAddress: 86.68.130.237
lastlocation:
  world: world
  x: -3.9341121064687563
  y: 189.5
  z: -0.021977626252197457
  yaw: -278.86282
  pitch: 10.23065
logoutlocation:
  world: world
  x: 13.919972543772708
  y: 188.0
  z: -41.77697161769753
  yaw: -98.30029
  pitch: 8.220083
