timestamps:
  login: 1455823393493
  logout: 1455824327646
ipAddress: 41.140.115.36
lastlocation:
  world: world
  x: 5.5
  y: 186.0
  z: -4.5
  yaw: 0.0
  pitch: 0.0
logoutlocation:
  world: world
  x: -11.585870119557105
  y: 189.0
  z: 1.886991855063973
  yaw: 176.83182
  pitch: 4.827411
uuid: 195d9762-9cf1-37cd-b520-eb104f3a7d89
