timestamps:
  login: 1455030078118
  logout: 1455030339841
ipAddress: 86.204.62.223
lastlocation:
  world: world
  x: 4.5
  y: 189.0
  z: 8.5
  yaw: 0.0
  pitch: 0.0
logoutlocation:
  world: world
  x: -206.00256151391045
  y: 68.0
  z: -665.3958731941647
  yaw: -275.69028
  pitch: 10.950066
