uuid: 262c3da4-149b-3be8-91bf-20d2c61b2813
timestamps:
  login: 1456163215533
  kits:
    octonien: 1456163243931
  logout: 1456163583161
ipAddress: 86.222.208.82
lastlocation:
  world: world
  x: 3.5
  y: 177.0
  z: -2.5
  yaw: 0.0
  pitch: 0.0
logoutlocation:
  world: world
  x: -2822.6985366098716
  y: 64.0
  z: -2324.8014199529475
  yaw: -247.34949
  pitch: 20.400047
