uuid: a803b92b-2735-364b-8380-e89513975c9e
timestamps:
  login: 1457021638738
  kits:
    bouffe: 1456165874470
    octonien: 1457023816971
    decouverte: 1457026947924
  lastteleport: 1457027734694
  logout: 1457029250228
  lastheal: 1457028938095
ipAddress: 109.130.67.237
lastlocation:
  world: world
  x: -124.64759008632777
  y: 66.5
  z: 285.69999998807907
  yaw: 179.18286
  pitch: 27.884418
homes:
  home:
    world: world
    x: -59.079876868631814
    y: 65.0
    z: -1164.3763316667557
    yaw: 25.975067
    pitch: 2.9483793
logoutlocation:
  world: world
  x: -59.2761253838306
  y: 73.5
  z: -4.309782983414771
  yaw: 5.7592773
  pitch: 22.649982
money: '2841.0'
