socialspy: false
timestamps:
  login: 1454858414429
  kits:
    bouffe: 1454858838712
    octonien: 1454858447083
  lastteleport: 1454858854044
ipAddress: 88.140.151.95
lastlocation:
  world: world
  x: -46.30000001192093
  y: 24.0
  z: -8.402885628622924
  yaw: -254.99176
  pitch: 11.163003
