timestamps:
  login: 1455632198847
  kits:
    octonien: 1455632219321
  lastteleport: 1455632315883
  logout: 1455632535935
ipAddress: 78.125.193.190
lastlocation:
  world: world
  x: 15.614292646908464
  y: 189.0
  z: -13.036735732440272
  yaw: 213.1371
  pitch: 21.450005
logoutlocation:
  world: world
  x: 2434.682420067565
  y: 70.0
  z: -123.43032776266006
  yaw: 263.79016
  pitch: 14.549974
