uuid: d69a29cd-feee-33c9-84a6-533aea9765e9
timestamps:
  login: 1456069170234
  logout: 1456069197179
ipAddress: 2.8.16.124
lastlocation:
  world: world
  x: 4.5
  y: 189.0
  z: -7.5
  yaw: 0.0
  pitch: 0.0
logoutlocation:
  world: world
  x: -0.34287617518236646
  y: 190.0
  z: -1.7051953458182316
  yaw: -106.4057
  pitch: 15.0513115
