timestamps:
  login: 1454958682067
  logout: 1454958735226
ipAddress: 78.249.7.118
lastlocation:
  world: world
  x: -7.5
  y: 187.0
  z: 5.5
  yaw: 0.0
  pitch: 0.0
logoutlocation:
  world: world
  x: -5.066325223487804
  y: 189.0
  z: -13.480172661280145
  yaw: 227.25948
  pitch: 11.099903
