timestamps:
  login: 1454954335104
  kits:
    bouffe: 1454954609208
    octonien: 1454954595274
  logout: 1454954675614
ipAddress: 86.210.30.43
lastlocation:
  world: world
  x: -8.5
  y: 189.0
  z: 4.5
  yaw: 0.0
  pitch: 0.0
logoutlocation:
  world: world
  x: 24.69999998807907
  y: 39.0
  z: 211.69999998807907
  yaw: -69.96887
  pitch: 12.239691
