uuid: 0ebdb627-a02a-3cfa-b5c3-8ce61f935acc
timestamps:
  login: 1456770813240
  kits:
    bouffe: 1456769059797
    octonien: 1456769039719
  lastteleport: 1456771138072
  logout: 1456771482557
ipAddress: 90.57.140.202
lastlocation:
  world: world
  x: 0.01824782120930235
  y: 190.5
  z: 0.3461496600293048
  yaw: -357.55096
  pitch: 4.1978226
homes:
  home:
    world: world
    x: 1899.699999988079
    y: 9.0
    z: 3687.644626631531
    yaw: -217.50732
    pitch: 76.65001
logoutlocation:
  world: world
  x: 1899.699999988079
  y: 9.0
  z: 3683.0847185246466
  yaw: -306.31128
  pitch: 85.649994
