uuid: be1ee599-5472-3b50-8621-9bc23b78ffe2
timestamps:
  login: 1456230832241
  kits:
    bouffe: 1456230895882
    octonien: 1456230893228
  logout: 1456232912593
  lastteleport: 1456232757617
  lastheal: 1456155448612
  mute: 0
ipAddress: 88.190.18.80
lastlocation:
  world: world
  x: -2717.5
  y: 252.875
  z: -3046.5
  yaw: 173.2754
  pitch: 40.349995
logoutlocation:
  world: world
  x: 2346.4231398597753
  y: 64.0
  z: -2668.8883082916545
  yaw: 151.35007
  pitch: 13.20004
homes:
  home:
    world: world
    x: -2717.3179775841504
    y: 252.875
    z: -3046.7403997772494
    yaw: 173.2754
    pitch: 40.349995
muted: false
