timestamps:
  login: 1455737334390
  kits:
    bouffe: 1455737374700
  logout: 1455737380835
ipAddress: 2.3.178.154
lastlocation:
  world: world
  x: -3.5
  y: 187.0
  z: -4.5
  yaw: 0.0
  pitch: 0.0
logoutlocation:
  world: world
  x: 13.809643371926198
  y: 189.0
  z: -12.007163542254164
  yaw: -83.91462
  pitch: 7.7086325
