uuid: d8ea37ef-fc59-3376-b81c-265733a62ddb
timestamps:
  login: 1456001994122
  logout: 1456001999666
ipAddress: 109.208.23.128
lastlocation:
  world: world
  x: 3.5
  y: 189.0
  z: -8.5
  yaw: 0.0
  pitch: 0.0
logoutlocation:
  world: world
  x: 1.513931510526093
  y: 190.5
  z: 1.9629243461169623
  yaw: -283.08304
  pitch: 13.579597
