uuid: 78b16727-460b-3ec6-9a99-1431801e1aad
timestamps:
  login: 1456224918029
  logout: 1456225269925
  kits:
    bouffe: 1456224964102
    octonien: 1456224935908
ipAddress: 86.222.91.235
lastlocation:
  world: world
  x: -5.5
  y: 189.0
  z: -0.5
  yaw: 0.0
  pitch: 0.0
logoutlocation:
  world: world
  x: -0.14090013897333264
  y: 190.5
  z: 0.48611282218956364
  yaw: -270.64917
  pitch: 23.141396
homes:
  home:
    world: world
    x: 1246.699999988079
    y: 62.0
    z: 1694.763276233104
    yaw: -41.981964
    pitch: 46.520412
