timestamps:
  login: 1455214795172
  kits:
    octonien: 1455213485867
  logout: 1455216332056
ipAddress: 86.212.195.109
lastlocation:
  world: world
  x: -9.5
  y: 189.0
  z: -3.5
  yaw: 0.0
  pitch: 0.0
logoutlocation:
  world: world
  x: -1594.699999988079
  y: 7.0
  z: -2990.399988000002
  yaw: -258.8289
  pitch: 30.000017
