timestamps:
  login: 1455732374820
  kits:
    octonien: 1455679377927
  lastteleport: 1455679926828
  logout: 1455733032899
ipAddress: 77.152.103.237
lastlocation:
  world: world
  x: -3.7815239844568342
  y: 187.0
  z: 55.692676153897985
  yaw: -5.8459473
  pitch: 46.949993
logoutlocation:
  world: world
  x: 5665.93572060814
  y: 5.0
  z: -746.616515215249
  yaw: 263.02652
  pitch: 6.899957
