uuid: 83478595-2c74-3352-935f-05c86100a66a
timestamps:
  login: 1457176873451
  kits:
    bouffe: 1456675293361
    octonien: 1456674258814
  logout: 1457177007052
  lastteleport: 1456850475395
ipAddress: 92.152.132.107
lastlocation:
  world: world
  x: 5815.560352148244
  y: 3.0
  z: 2998.508902269881
  yaw: -250.37335
  pitch: -58.90335
homes:
  home:
    world: world
    x: 3768.841157568597
    y: 23.0
    z: -2084.092578208517
    yaw: 345.58508
    pitch: 17.48696
money: '12194.4'
logoutlocation:
  world: world
  x: 3759.7669694175233
  y: 68.0
  z: -2084.3061808137563
  yaw: 325.75507
  pitch: 25.643919
ignore:
- iswing
