uuid: 4f3972f9-febf-3434-aceb-6f6c54a630af
timestamps:
  login: 1456861119555
  logout: 1456861141827
ipAddress: 78.233.28.234
lastlocation:
  world: world
  x: -4.5
  y: 189.0
  z: -4.5
  yaw: 0.0
  pitch: 0.0
logoutlocation:
  world: world
  x: -13.516571560167192
  y: 190.5
  z: -16.186726162605634
  yaw: -211.60083
  pitch: 9.897835
