timestamps:
  login: 1455731774765
  logout: 1455732373320
ipAddress: 78.248.168.43
lastlocation:
  world: world
  x: 8.5
  y: 189.0
  z: 2.5
  yaw: 0.0
  pitch: 0.0
logoutlocation:
  world: world
  x: -95.22717293932492
  y: 34.0
  z: 145.94258743967373
  yaw: 85.01654
  pitch: 34.649963
