uuid: 10349936-4721-3507-b1cd-6719da694860
timestamps:
  login: 1457140466818
  lastteleport: 1457140589936
  logout: 1457141031852
ipAddress: 64.228.49.107
lastlocation:
  world: world
  x: -9.082160481366705
  y: 40.0
  z: -87.11921839280264
  yaw: -358.7508
  pitch: 3.1499798
logoutlocation:
  world: world
  x: 2.990720888328397
  y: 189.0
  z: 7.801469247586013
  yaw: 76.999664
  pitch: -18.002123
