timestamps:
  login: 1455725669087
  kits:
    octonien: 1455492682238
  logout: 1455727009735
  lastteleport: 1455726016365
ipAddress: 88.137.39.200
lastlocation:
  world: world
  x: 2161.193298132933
  y: 66.0
  z: -2076.419230295369
  yaw: -83.549995
  pitch: 32.400013
logoutlocation:
  world: world
  x: -1.7512968807269582
  y: 189.0
  z: -4.478651647727004
  yaw: -29.732801
  pitch: -1.120411
