timestamps:
  login: 1456533161283
  kits:
    bouffe: 1455756782426
    octonien: 1456533299979
    decouverte: 1456533664957
  lastteleport: 1456537013950
  logout: 1456537667727
  lastheal: 1456536836900
ipAddress: 176.150.228.54
lastlocation:
  world: world
  x: 16.885615191838507
  y: 22.5
  z: 5.544494917130827
  yaw: -302.50104
  pitch: -13.349996
logoutlocation:
  world: world
  x: -2.4087323097104787
  y: 192.5
  z: -2.329738153365308
  yaw: 184.54883
  pitch: 31.2
homes:
  home:
    world: world
    x: 597.0629787263751
    y: 5.0
    z: -2172.4345218440276
    yaw: 269.69586
    pitch: 32.85004
money: '41.330'
uuid: c133294f-da62-3a7f-b0c8-5f27d7f0f3fc
