timestamps:
  login: 1455041917950
  kits:
    bouffe: 1455040436687
    octonien: 1455040378093
  logout: 1455041924958
ipAddress: 84.74.14.247
lastlocation:
  world: world
  x: -4.5
  y: 189.0
  z: -6.5
  yaw: 0.0
  pitch: 0.0
logoutlocation:
  world: world
  x: 3069.699999988079
  y: 11.0
  z: 2303.2377170063824
  yaw: 177.00034
  pitch: 45.899986
