timestamps:
  login: 1454955474794
  kits:
    octonien: 1454955516720
  logout: 1454955644568
ipAddress: 81.67.219.178
lastlocation:
  world: world
  x: 6.5
  y: 185.0
  z: 5.5
  yaw: 0.0
  pitch: 0.0
logoutlocation:
  world: world
  x: -6.131378168915981
  y: 172.0
  z: -1.2002537252897312
  yaw: 91.7171
  pitch: 45.898983
