timestamps:
  login: 1455623754215
  kits:
    octonien: 1455623771405
  logout: 1455623905972
ipAddress: 197.0.152.175
lastlocation:
  world: world
  x: -2.5
  y: 189.0
  z: -7.5
  yaw: 0.0
  pitch: 0.0
logoutlocation:
  world: world
  x: -3.0898199056905167
  y: 187.0
  z: 58.241945419653895
  yaw: -171.91278
  pitch: -23.219385
