uuid: 408d46a1-690e-377f-9ec5-7ac137dff856
timestamps:
  login: 1456305757443
  logout: 1456305652256
ipAddress: 88.140.236.235
lastlocation:
  world: world
  x: -4.5
  y: 186.0
  z: 4.5
  yaw: 0.0
  pitch: 0.0
logoutlocation:
  world: world
  x: -7.363338711661539
  y: 189.0
  z: -7.3599471539284735
  yaw: -56.99286
  pitch: 8.567029
