uuid: cfe380dd-55e1-33e1-87ab-502b6c77142d
timestamps:
  login: 1456968653382
  logout: 1456968878637
ipAddress: 24.200.179.177
lastlocation:
  world: world
  x: -1.5
  y: 191.0
  z: 1.5
  yaw: 0.0
  pitch: 0.0
logoutlocation:
  world: world
  x: -29.81335724687873
  y: 193.0
  z: 12.938723735394037
  yaw: -108.55132
  pitch: 27.900002
