uuid: 20a3c443-1c39-3571-8a98-b5b36f7a9d9a
timestamps:
  login: 1455837052627
  lastteleport: 1455837067110
  logout: 1455837334538
ipAddress: 88.138.57.32
lastlocation:
  world: world
  x: -0.5
  y: 190.5
  z: 0.5
  yaw: -358.567
  pitch: 4.8262043
logoutlocation:
  world: world
  x: -547.9712848701733
  y: 72.0
  z: -6415.619434113681
  yaw: 275.6908
  pitch: 41.23644
