timestamps:
  login: 1455491675248
  logout: 1455491865421
ipAddress: 81.53.59.44
lastlocation:
  world: world
  x: 6.5
  y: 188.0
  z: -6.5
  yaw: 0.0
  pitch: 0.0
logoutlocation:
  world: world
  x: -3.487269105959628
  y: 188.0
  z: 23.42025816646941
  yaw: 199.187
  pitch: 21.899996
