timestamps:
  login: 1455051474036
  kits:
    octonien: 1455051529138
  lastteleport: 1455052105093
ipAddress: 88.178.147.155
lastlocation:
  world: world
  x: -0.07650790082225645
  y: 190.5
  z: 0.5082654282270697
  yaw: -187.34047
  pitch: 83.85
homes:
  home:
    world: world
    x: 2352.871048983603
    y: 64.0
    z: 1752.4097193586938
    yaw: 258.00003
    pitch: 5.249989
