timestamps:
  login: 1455715477963
  kits:
    octonien: 1455715494377
  logout: 1455715634548
ipAddress: 82.240.168.135
lastlocation:
  world: world
  x: 8.5
  y: 188.0
  z: 7.5
  yaw: 0.0
  pitch: 0.0
logoutlocation:
  world: world
  x: 43.91727852546174
  y: 203.0
  z: -33.58697252476404
  yaw: -100.38611
  pitch: 29.849998
