timestamps:
  login: 1455068589187
  lastteleport: 1455068798687
  kits:
    octonien: 1455068856797
  logout: 1455068893596
ipAddress: 184.163.44.182
lastlocation:
  world: world
  x: -3.882541608975557
  y: 189.0
  z: -13.392804075737248
  yaw: -272.39044
  pitch: 10.049993
logoutlocation:
  world: world
  x: 3218.3287319608917
  y: 5.0
  z: -1086.2836599665306
  yaw: -285.00052
  pitch: -14.099996
