uuid: 42922e6d-cd99-3427-9472-831805007386
timestamps:
  login: 1455898206434
  logout: 1455898286940
ipAddress: 79.141.163.10
lastlocation:
  world: world
  x: -1.5
  y: 189.0
  z: 9.5
  yaw: 0.0
  pitch: 0.0
logoutlocation:
  world: world
  x: 33.912436075411364
  y: 188.0
  z: 2.033272757206499
  yaw: -122.28292
  pitch: 15.229618
