timestamps:
  login: 1455364324898
  kits:
    octonien: 1455363349152
  lastteleport: 1455365222006
  logout: 1455365292375
ipAddress: 78.119.57.14
lastlocation:
  world: world
  x: 390.5134711560793
  y: 48.0
  z: 1996.4694154365839
  yaw: -307.27216
  pitch: 10.049997
logoutlocation:
  world: world
  x: 26.654858484811538
  y: 188.0
  z: 9.850872294209246
  yaw: -255.67795
  pitch: 37.343327
