uuid: 7b445e0d-3e8b-3dda-9d02-712523d7d36b
timestamps:
  login: 1456857610710
  lastteleport: 1456856804664
  kits:
    bouffe: 1456848339532
    octonien: 1456848335005
  logout: 1456857804674
  mute: 0
ipAddress: 90.7.60.127
lastlocation:
  world: world
  x: 8436.931713498227
  y: 39.0
  z: -417.77550832291143
  yaw: -83.88005
  pitch: -45.15
logoutlocation:
  world: world
  x: 0.01824782120930235
  y: 190.5
  z: 0.3461496600293048
  yaw: -4.1509705
  pitch: -14.852174
muted: false
money: '7.5'
homes:
  home:
    world: world
    x: 8838.493820728745
    y: 5.0
    z: -767.3000000119209
    yaw: -4.6688232
    pitch: 15.899957
