uuid: e27698cc-2879-3c49-b5a9-ac6a9fc2be7e
timestamps:
  login: 1456813293452
  kits:
    octonien: 1456813358657
  logout: 1456813958668
ipAddress: 109.17.180.182
lastlocation:
  world: world
  x: 3.5
  y: 177.0
  z: -2.5
  yaw: 0.0
  pitch: 0.0
logoutlocation:
  world: world
  x: 8.251357853497382
  y: 251.8622943136066
  z: 56.59189537944454
  yaw: -190.91382
  pitch: 41.524746
