uuid: c0f4f3bf-b6e3-35ec-a4d2-0843d84b4a9d
timestamps:
  login: 1455825701674
  kits:
    octonien: 1455825734423
  lastteleport: 1455826296198
ipAddress: 78.233.148.114
lastlocation:
  world: world
  x: -463.1224772999025
  y: 61.0
  z: 1939.879103994333
  yaw: -32.616203
  pitch: 5.723144
