timestamps:
  login: 1455033518409
  lastteleport: 1455033532241
  kits:
    octonien: 1454960881093
  logout: 1455033593344
ipAddress: 77.149.252.26
lastlocation:
  world: world
  x: -0.9656017696607446
  y: 189.0
  z: -21.223838435181943
  yaw: -169.03514
  pitch: 19.443056
logoutlocation:
  world: world
  x: 8.405469233240044
  y: 189.0
  z: -2.8644049216572043
  yaw: -121.06018
  pitch: 29.155622
