uuid: b3939c7a-3eb3-32ea-9aad-9e5b65ca7842
timestamps:
  login: 1457283544253
  lastteleport: 1457288737112
  kits:
    bouffe: 1457283699125
    octonien: 1457283708142
    decouverte: 1457283703149
  logout: 1457288766514
  lastheal: 1457267613102
  mute: 0
ipAddress: 86.253.215.71
lastlocation:
  world: world
  x: 5679.962656912471
  y: 2.0
  z: -5873.699999988079
  yaw: -67.31862
  pitch: 70.79995
homes:
  home:
    world: world
    x: 5680.519352790377
    y: 2.0
    z: -5873.373895635816
    yaw: -62.068604
    pitch: 19.499979
logoutlocation:
  world: world
  x: 6756.042754946387
  y: 8.875
  z: -6728.83594489717
  yaw: 2.4627805
  pitch: 34.298405
money: '4240.0'
muted: false
