uuid: eaf5fe75-7b2c-32ab-9047-f6f119329ee7
timestamps:
  login: 1456668904288
  logout: 1456670204718
ipAddress: 87.67.39.6
lastlocation:
  world: world
  x: -1.5
  y: 190.0
  z: -1.5
  yaw: 0.0
  pitch: 0.0
logoutlocation:
  world: world
  x: 6.300000011920928
  y: 188.0
  z: 38.99714521157114
  yaw: -68.05145
  pitch: 89.25001
