timestamps:
  login: 1455488933039
  kits:
    octonien: 1455489050349
  lastteleport: 1455489411077
  logout: 1455489730048
ipAddress: 142.68.6.85
lastlocation:
  world: world
  x: -0.1874773001565882
  y: 190.5
  z: -0.7989841381853933
  yaw: -246.31296
  pitch: 38.580654
logoutlocation:
  world: world
  x: 386.56922460062606
  y: 50.0
  z: 509.30000001192093
  yaw: -349.3634
  pitch: 10.050003
homes: {}
