uuid: e88544e4-181b-3578-9d6a-6243f9386f31
timestamps:
  login: 1457126734475
  lastteleport: 1457126783509
ipAddress: 176.31.32.106
lastlocation:
  world: world
  x: 1.9143197466423132
  y: 176.0
  z: -2.0835489625941532
  yaw: -278.50085
  pitch: 26.397839
