timestamps:
  login: 1455177401869
  logout: 1455177426074
ipAddress: 2.3.75.225
lastlocation:
  world: world
  x: -0.5
  y: 189.0
  z: -8.5
  yaw: 0.0
  pitch: 0.0
logoutlocation:
  world: world
  x: -0.4797518088016659
  y: 190.5
  z: 0.7382067934484298
  yaw: -62.090485
  pitch: 31.049995
