timestamps:
  login: 1455292270533
  kits:
    octonien: 1455274884242
  lastteleport: 1455291686574
  logout: 1455292825723
ipAddress: 81.56.117.35
lastlocation:
  world: world
  x: -0.07650790082225645
  y: 190.5
  z: 0.5082654282270697
  yaw: -205.34045
  pitch: 64.79998
logoutlocation:
  world: world
  x: -419.52953835763265
  y: 5.0
  z: -3465.8827080687693
  yaw: -192.0675
  pitch: 31.35002
