uuid: c4a2e788-a0c7-3002-add1-63faca6fc140
timestamps:
  login: 1457035113111
  logout: 1457035290157
ipAddress: 198.144.106.33
lastlocation:
  world: world
  x: 3.5
  y: 191.0
  z: 3.5
  yaw: 0.0
  pitch: 0.0
logoutlocation:
  world: world
  x: 0.5
  y: 190.5
  z: 0.5
  yaw: -28.151001
  pitch: -55.352177
