uuid: 75cc0e10-99d2-3f6e-8f53-4edb46463257
timestamps:
  login: 1457125475213
  logout: 1457125574396
ipAddress: 77.133.18.219
lastlocation:
  world: world
  x: -4.5
  y: 186.0
  z: 4.5
  yaw: 0.0
  pitch: 0.0
logoutlocation:
  world: world
  x: 0.056170060617313625
  y: 189.0
  z: 10.983204722633287
  yaw: -352.15097
  pitch: 13.047823
