uuid: 49d51b73-1f29-3431-bd06-70c09f84e1d4
timestamps:
  login: 1457280025730
  logout: 1457281949001
  kits:
    bouffe: 1457173599313
    octonien: 1457280393859
    decouverte: 1457281605672
  lastteleport: 1457281600881
  lastheal: 1457194095184
ipAddress: 91.178.242.247
lastlocation:
  world: world
  x: 8782.003496527439
  y: 66.0
  z: 4526.509096577689
  yaw: 115.60095
  pitch: 7.5000052
homes:
  home:
    world: world
    x: 8801.300000011921
    y: 30.0
    z: 4545.064289253379
    yaw: -99.789406
    pitch: 28.799755
logoutlocation:
  world: world
  x: 8765.81720481809
  y: 66.0
  z: 4563.683228497451
  yaw: 130.4508
  pitch: 19.949999
money: '3016.75'
