uuid: 3f5862a5-c7da-3ea2-88d3-f71f2ca2f6aa
timestamps:
  login: 1456154554770
  logout: 1456155373194
ipAddress: 90.0.250.69
lastlocation:
  world: world
  x: -1.5
  y: 189.0
  z: 4.5
  yaw: 0.0
  pitch: 0.0
logoutlocation:
  world: world
  x: -3.5229199694142097
  y: 189.0
  z: -17.364101067278963
  yaw: -124.174835
  pitch: 28.382183
