timestamps:
  login: 1455459675019
  kits:
    octonien: 1455459702023
  logout: 1455459780907
ipAddress: 92.91.119.112
lastlocation:
  world: world
  x: 2.5
  y: 193.0
  z: 3.5
  yaw: 0.0
  pitch: 0.0
logoutlocation:
  world: world
  x: -0.27931608800929447
  y: 189.0
  z: -8.674807761106358
  yaw: -181.21297
  pitch: 19.530647
