uuid: f5db00dc-72c2-3db6-a773-fc43a8bb57e6
timestamps:
  login: 1456063946450
  kits:
    octonien: 1456061684970
  lastteleport: 1456062368082
  logout: 1456064069853
ipAddress: 2.14.25.99
lastlocation:
  world: world
  x: -0.14090013897333262
  y: 190.5
  z: 0.48611282218956364
  yaw: -270.64917
  pitch: 22.857735
logoutlocation:
  world: world
  x: 163.48499961732887
  y: 69.0
  z: -956.90510584414
  yaw: 178.66566
  pitch: 12.3159685
ban:
  reason: 'Banni : Le marteau du bannissement a frappé !'
  timeout: 0
