timestamps:
  login: 1457270136561
  kits:
    bouffe: 1457269292599
    octonien: 1457268394952
  logout: 1457270621418
  lastteleport: 1457270583721
  lastheal: 1457269239849
  mute: 0
ipAddress: 86.74.27.85
lastlocation:
  world: world
  x: 5360.834263713934
  y: 47.0
  z: -2445.699999988079
  yaw: 333.15552
  pitch: 24.299976
homes:
  home:
    world: world
    x: -3970.5
    y: 5.0
    z: -2448.5
    yaw: -331.65054
    pitch: 16.650017
logoutlocation:
  world: world
  x: 5361.295413941305
  y: 47.0
  z: -2443.311738673766
  yaw: 257.85547
  pitch: -32.10006
uuid: 949effd4-fa94-3844-b0e5-8f6a350e861f
muted: false
