timestamps:
  login: 1455222797310
  kits:
    bouffe: 1455220402832
    octonien: 1455220400353
  lastteleport: 1455223743144
  logout: 1455223797808
ipAddress: 82.233.195.223
lastlocation:
  world: world
  x: 4147.5123645578715
  y: 65.0
  z: 1210.6629336258115
  yaw: -233.16228
  pitch: -5.165917
homes:
  home:
    world: world
    x: 4106.0421662077
    y: 64.0
    z: 1164.6583392845332
    yaw: -1.3343061
    pitch: 52.679867
logoutlocation:
  world: world
  x: 4101.968307498363
  y: 27.0
  z: 1170.2174747684269
  yaw: 200.89581
  pitch: 5.387609
money: '655.0'
