uuid: c7fd9de3-e8f1-3bfd-8091-7a059b1b94ab
timestamps:
  login: 1455794163383
  logout: 1455794229525
ipAddress: 86.203.74.118
lastlocation:
  world: world
  x: 5.5
  y: 189.0
  z: -8.5
  yaw: 0.0
  pitch: 0.0
logoutlocation:
  world: world
  x: -7.888999908469484
  y: 189.0
  z: 2.322612482686061
  yaw: -53.133114
  pitch: 0.5295944
