uuid: 567c62f4-2814-3aff-931d-9d6bd6ae1052
timestamps:
  login: 1456597048567
  kits:
    octonien: 1456597111094
  lastteleport: 1456597263183
  logout: 1456597370916
ipAddress: 81.240.28.158
lastlocation:
  world: world
  x: 533.8544730593924
  y: 64.0
  z: -42.746352403804806
  yaw: -68.822235
  pitch: 30.543316
homes:
  home:
    world: world
    x: 533.8544730593924
    y: 64.0
    z: -42.746352403804806
    yaw: -68.822235
    pitch: 30.543316
logoutlocation:
  world: world
  x: -5.323971137404147
  y: 187.0
  z: 43.82485021709307
  yaw: -347.5385
  pitch: 6.4478426
