timestamps:
  login: 1455661065073
  logout: 1455662044766
  kits:
    octonien: 1455661723071
ipAddress: 144.172.244.93
lastlocation:
  world: world
  x: -3.5
  y: 190.0
  z: 0.5
  yaw: 0.0
  pitch: 0.0
logoutlocation:
  world: world
  x: -10.767680115718644
  y: 189.0
  z: 12.583691658163374
  yaw: -120.77405
  pitch: 1.5794376
