timestamps:
  login: 1454951550184
  kits:
    bouffe: 1454951765225
    octonien: 1454951602898
  mute: 1454960847611
ipAddress: 77.131.145.100
lastlocation:
  world: world
  x: -10.5
  y: 189.0
  z: 0.5
  yaw: 0.0
  pitch: 0.0
muted: true
logoutlocation:
  world: world
  x: -0.07549645186251308
  y: 190.5
  z: -1.0417838226080574
  yaw: -182.24052
  pitch: 9.449874
