timestamps:
  login: 1455475770082
  kits:
    octonien: 1455475817978
  logout: 1455476274919
ipAddress: 78.220.20.2
lastlocation:
  world: world
  x: -9.5
  y: 189.0
  z: -8.5
  yaw: 0.0
  pitch: 0.0
logoutlocation:
  world: world
  x: 18.369874976635735
  y: 191.0
  z: -15.701473135559354
  yaw: -179.1129
  pitch: 19.980637
