timestamps:
  login: 1455016740083
  logout: 1455016780189
ipAddress: 88.163.8.200
lastlocation:
  world: world
  x: -3.5
  y: 189.0
  z: -6.5
  yaw: 0.0
  pitch: 0.0
logoutlocation:
  world: world
  x: -0.30532495985520486
  y: 191.0
  z: 0.9793914585395767
  yaw: -10.940308
  pitch: -0.45001006
