timestamps:
  login: 1455114562635
  kits:
    bouffe: 1455114739594
    octonien: 1455114587743
  logout: 1455115682043
ipAddress: 77.196.238.96
lastlocation:
  world: world
  x: 8.5
  y: 189.0
  z: -3.5
  yaw: 0.0
  pitch: 0.0
logoutlocation:
  world: world
  x: 161.2923712741576
  y: 14.0
  z: -3195.741625872459
  yaw: 158.55971
  pitch: 62.157604
