socialspy: false
timestamps:
  login: 1454850008858
  kits:
    bouffe: 1454849801496
    octonien: 1454849405663
  lastteleport: 1454850027382
  logout: 1454850153732
ipAddress: 88.183.248.19
lastlocation:
  world: world
  x: 287.7709386290201
  y: 67.0
  z: 142.6987240597028
  yaw: -213.7893
  pitch: 17.391819
homes:
  home:
    world: world
    x: 280.5236858333069
    y: 64.0
    z: 154.75690096491238
    yaw: -55.62644
    pitch: 19.97745
logoutlocation:
  world: world
  x: -3.206447291691589
  y: 173.24918707874468
  z: -0.45727389974988375
  yaw: -161.04384
  pitch: 26.224615
ban:
  reason: Banni temporairement du serveur pour 1 année 7 mois 22 jours.
  timeout: 1506686554160
