timestamps:
  login: 1456172001394
  kits:
    octonien: 1456172012796
  logout: 1456172351676
ipAddress: 78.119.179.42
lastlocation:
  world: world
  x: -3.5
  y: 193.0
  z: 2.5
  yaw: 0.0
  pitch: 0.0
logoutlocation:
  world: world
  x: 3.6710123181640926
  y: 189.5
  z: 1.488159813948774
  yaw: -90.33273
  pitch: 22.799967
uuid: 6a33d468-14c2-3fe0-aae0-80545832ae2c
