timestamps:
  login: 1455647403415
  kits:
    bouffe: 1455647438247
    octonien: 1455647420093
  logout: 1455647844297
ipAddress: 105.155.164.152
lastlocation:
  world: world
  x: -9.5
  y: 189.0
  z: 0.5
  yaw: 0.0
  pitch: 0.0
logoutlocation:
  world: world
  x: -105.07141487839024
  y: 69.0
  z: -518.8207472315115
  yaw: -185.78351
  pitch: 13.710842
