uuid: 12078a75-fbae-3b60-81bc-b1d59b391bad
timestamps:
  login: 1455807324602
  kits:
    bouffe: 1455806983761
    octonien: 1455804884606
  logout: 1455809052678
  lastteleport: 1455808899060
ipAddress: 81.65.210.27
lastlocation:
  world: world
  x: 0.22254670366647245
  y: 26.0
  z: 196.58090386102498
  yaw: -0.8054199
  pitch: 12.120686
homes:
  home:
    world: world
    x: 2712.4360611084467
    y: 64.0
    z: 2717.145686819231
    yaw: -251.56982
    pitch: 0.6810286
logoutlocation:
  world: world
  x: 2679.305881697219
  y: 64.00133597911214
  z: 2749.555852082438
  yaw: -17.467651
  pitch: 15.455692
ban:
  reason: 'Banni : Le marteau du bannissement a frappé !'
  timeout: 0
