timestamps:
  login: 1455309121299
  kits:
    bouffe: 1455309236068
    octonien: 1455309129577
  logout: 1455309439933
ipAddress: 78.230.167.168
lastlocation:
  world: world
  x: -3.5
  y: 180.0
  z: -3.5
  yaw: 0.0
  pitch: 0.0
logoutlocation:
  world: world
  x: 21.699999988079067
  y: 187.0
  z: -40.51730785926861
  yaw: 318.88965
  pitch: 13.7998295
