timestamps:
  login: 1456688254162
  lastteleport: 1456690163470
  kits:
    bouffe: 1455242396731
    octonien: 1456687305575
    decouverte: 1456684402164
  logout: 1456690439641
  lastheal: 1456689616609
ipAddress: 78.218.252.109
lastlocation:
  world: world
  x: -7.699999988079067
  y: 189.0
  z: -17.69999998807907
  yaw: 298.54904
  pitch: 5.3978353
logoutlocation:
  world: world
  x: 2.7265345453464156
  y: 191.0
  z: -1.9128475310959372
  yaw: -33.10083
  pitch: 3.8978212
homes:
  home:
    world: world
    x: -7640.5
    y: 21.0
    z: -2421.5
    yaw: -71.089905
    pitch: 30.149647
money: '8.0'
uuid: 4de410d7-18a1-3a45-b859-49d4164a8f5c
