timestamps:
  login: 1455540202231
  logout: 1455540398807
ipAddress: 79.88.198.248
lastlocation:
  world: world
  x: 5.5
  y: 189.0
  z: 8.5
  yaw: 0.0
  pitch: 0.0
logoutlocation:
  world: world
  x: -17.38198975928718
  y: 82.0
  z: -49.34737225517651
  yaw: 0.034820557
  pitch: 85.6992
