timestamps:
  login: 1455642608881
  logout: 1455642736728
ipAddress: 109.88.129.73
lastlocation:
  world: world
  x: 4.5
  y: 189.0
  z: 8.5
  yaw: 0.0
  pitch: 0.0
logoutlocation:
  world: world
  x: -0.5586833117413335
  y: 189.0
  z: 7.667818384776693
  yaw: -353.4551
  pitch: -5.9115715
