uuid: cf13d939-8e54-35c5-8ecb-4995b8420dc6
timestamps:
  login: 1455898734709
  logout: 1455898742928
ipAddress: 194.187.249.37
lastlocation:
  world: world
  x: -5.5
  y: 189.0
  z: -7.5
  yaw: 0.0
  pitch: 0.0
logoutlocation:
  world: world
  x: -2.807236445301063
  y: 189.0
  z: 13.986529192861678
  yaw: -334.38358
  pitch: 14.479586
