timestamps:
  login: 1455194446223
  kits:
    bouffe: 1455194501356
    octonien: 1455194463355
  logout: 1455194628057
ipAddress: 82.240.80.183
lastlocation:
  world: world
  x: -5.5
  y: 188.0
  z: 8.5
  yaw: 0.0
  pitch: 0.0
logoutlocation:
  world: world
  x: 0.8256052393301619
  y: 190.4807108763317
  z: 5.724843533007078
  yaw: -338.037
  pitch: 11.549839
