timestamps:
  login: 1454774009007
  logout: 1454774038407
ipAddress: 88.123.96.22
lastlocation:
  world: world
  x: -1.5
  y: 189.0
  z: -6.5
  yaw: 0.0
  pitch: 0.0
logoutlocation:
  world: world
  x: -0.05640325665323345
  y: 191.0
  z: 0.06084168811078994
  yaw: -178.79053
  pitch: 16.049873
