uuid: 30f542f6-94b4-3fa0-8a7c-b7dc68f47887
timestamps:
  login: 1456276620113
  kits:
    bouffe: 1456276639320
    octonien: 1456276626520
  logout: 1456277474921
  lastteleport: 1456277452220
ipAddress: 82.246.193.153
lastlocation:
  world: world
  x: 26.241654184500433
  y: 189.0
  z: -6.107595536757044
  yaw: -44.76831
  pitch: 19.043264
logoutlocation:
  world: world
  x: -0.14090013897333264
  y: 190.5
  z: 0.48611282218956364
  yaw: -270.64917
  pitch: 22.857735
