uuid: cc055e6c-36c0-38e5-ad3c-84660682bd5c
timestamps:
  login: 1456859363344
  logout: 1456859368436
ipAddress: 86.75.59.182
lastlocation:
  world: world
  x: -4.5
  y: 189.0
  z: 0.5
  yaw: 0.0
  pitch: 0.0
logoutlocation:
  world: world
  x: -6.326141183386914
  y: 189.0
  z: 2.4820987916280437
  yaw: -346.75095
  pitch: 10.497828
