uuid: 0d1e3d80-6b79-344e-858e-d7ee88a02c7c
timestamps:
  login: 1456003104760
  lastteleport: 1456003193628
  logout: 1456003259229
ipAddress: 66.171.52.167
lastlocation:
  world: world
  x: 14.667518032654216
  y: 189.0
  z: -14.429440310843784
  yaw: 324.7168
  pitch: 2.0296035
logoutlocation:
  world: world
  x: 5401.680108599344
  y: 5.0
  z: -2887.8309233078494
  yaw: -193.04959
  pitch: 9.599999
