timestamps:
  login: 1455731074677
  kits:
    octonien: 1455731087243
  logout: 1455731306300
ipAddress: 88.167.116.185
lastlocation:
  world: world
  x: -10.5
  y: 189.0
  z: -0.5
  yaw: 0.0
  pitch: 0.0
logoutlocation:
  world: world
  x: -3.8046114099514
  y: 180.0
  z: -2.699999988079078
  yaw: 295.10632
  pitch: 20.34777
