timestamps:
  login: 1455101274043
  kits:
    octonien: 1455101287376
  logout: 1455101561820
ipAddress: 176.152.204.146
lastlocation:
  world: world
  x: 8.5
  y: 189.0
  z: 3.5
  yaw: 0.0
  pitch: 0.0
logoutlocation:
  world: world
  x: -85.46252185635805
  y: 29.0
  z: -193.69999998807907
  yaw: -98.53894
  pitch: 15.749973
