timestamps:
  login: 1455798552744
  kits:
    bouffe: 1455798656868
    octonien: 1455798651677
  lastteleport: 1455798620125
  logout: 1455798708685
ipAddress: 92.147.163.67
lastlocation:
  world: world
  x: 13.854824715649771
  y: 47.0
  z: -296.52271066868457
  yaw: 40.167088
  pitch: -0.15000768
homes:
  home:
    world: world
    x: -2591.5404967735644
    y: 6.0
    z: 78.7394109037302
    yaw: -113.26652
    pitch: 29.849981
money: '519.0'
logoutlocation:
  world: world
  x: -2373.854014347668
  y: 5.0
  z: -56.077896901884266
  yaw: -84.91296
  pitch: 3.9000869
uuid: bd53e879-25be-3306-b79b-2abfc7a3efb8
