uuid: 37d2bf69-a9a1-379a-aa5f-d98fab4aa03b
timestamps:
  login: 1456592755893
  logout: 1456592850777
ipAddress: 109.94.34.31
lastlocation:
  world: world
  x: 2.5
  y: 193.0
  z: 3.5
  yaw: 0.0
  pitch: 0.0
logoutlocation:
  world: world
  x: -1.9321769280673116
  y: 188.0
  z: 21.867108871151
  yaw: -118.9009
  pitch: -13.80218
