timestamps:
  login: 1455579700611
  kits:
    octonien: 1455579750330
  logout: 1455579882773
ipAddress: 64.228.178.183
lastlocation:
  world: world
  x: 4.5
  y: 185.0
  z: -3.5
  yaw: 0.0
  pitch: 0.0
logoutlocation:
  world: world
  x: -15.991139276038108
  y: 189.0
  z: -15.971875985542777
  yaw: -243.98633
  pitch: 21.339077
