timestamps:
  login: 1455294800938
  kits:
    bouffe: 1455294818908
    octonien: 1455294813574
  logout: 1455295052558
ipAddress: 91.180.48.67
lastlocation:
  world: world
  x: -6.5
  y: 187.0
  z: -2.5
  yaw: 0.0
  pitch: 0.0
logoutlocation:
  world: world
  x: 2.9529468929268017
  y: 190.0
  z: 0.07739032850521785
  yaw: 240.15955
  pitch: -57.449997
