uuid: 767587e5-abed-3a43-ae98-209259a3579d
timestamps:
  login: 1456389468454
  logout: 1456389736440
ipAddress: 2.8.52.92
lastlocation:
  world: world
  x: 1.5
  y: 190.0
  z: -1.5
  yaw: 0.0
  pitch: 0.0
logoutlocation:
  world: world
  x: 2.8866782581192596
  y: 190.0
  z: 0.07018442515897767
  yaw: -277.09912
  pitch: 17.007725
