timestamps:
  login: 1455110455880
  kits:
    octonien: 1455110475220
  lastteleport: 1455110595390
  logout: 1455110914158
ipAddress: 86.205.78.37
lastlocation:
  world: world
  x: 72.02506338542132
  y: 29.0
  z: -10.570734456566827
  yaw: -289.94098
  pitch: 5.550034
logoutlocation:
  world: world
  x: -0.5443150098954936
  y: 189.0
  z: -7.279446641081784
  yaw: -194.69041
  pitch: 36.599968
