timestamps:
  login: 1455402758180
  logout: 1455403289568
ipAddress: 178.196.102.122
lastlocation:
  world: world
  x: 7.5
  y: 189.0
  z: -1.5
  yaw: 0.0
  pitch: 0.0
logoutlocation:
  world: world
  x: 2893.5
  y: 64.0
  z: -2485.5
  yaw: -84.59999
  pitch: 27.749998
