socialspy: false
timestamps:
  login: 1455568657127
  kits:
    bouffe: 1455568797540
    octonien: 1455370061979
  logout: 1455569464741
  lastteleport: 1455569326383
ipAddress: 109.132.119.50
lastlocation:
  world: world
  x: 577.4358902868623
  y: 58.0
  z: -3320.4306055241136
  yaw: -62.501667
  pitch: 30.449999
logoutlocation:
  world: world
  x: 0.9200415439569349
  y: 190.0
  z: -1.5134969219222125
  yaw: -100.363
  pitch: 37.23065
homes:
  home:
    world: world
    x: 575.493085506044
    y: 82.0
    z: -3321.331473008227
    yaw: -115.60167
    pitch: 90.0
