uuid: 8ef48c53-bd8f-3283-a5a5-7a1f85ef6ce7
timestamps:
  login: 1457024839139
  logout: 1457024894015
ipAddress: 82.240.202.224
lastlocation:
  world: world
  x: -3.5
  y: 189.0
  z: -3.5
  yaw: 0.0
  pitch: 0.0
logoutlocation:
  world: world
  x: -91.49100742662779
  y: 28.0
  z: -34.58708032684173
  yaw: -5.9522705
  pitch: 22.497831
