timestamps:
  login: 1455637737503
  lastteleport: 1455637902137
  logout: 1455638240499
ipAddress: 83.156.233.141
lastlocation:
  world: world
  x: 12.01772320408924
  y: 189.0
  z: -14.762413082504413
  yaw: -51.199047
  pitch: 8.523325
logoutlocation:
  world: world
  x: 3269.339007358482
  y: 86.0
  z: -1792.2980776731363
  yaw: -150.61624
  pitch: 13.650016
