timestamps:
  login: 1455216455383
  kits:
    octonien: 1455216472197
  logout: 1455216517665
ipAddress: 87.196.251.134
lastlocation:
  world: world
  x: -2.5
  y: 189.0
  z: -8.5
  yaw: 0.0
  pitch: 0.0
logoutlocation:
  world: world
  x: -0.9573148641912351
  y: 189.0
  z: -12.437544878857517
  yaw: -182.84042
  pitch: 6.299993
