uuid: 398da957-c726-3a31-8269-6609e4e51daf
timestamps:
  login: 1455978493154
  kits:
    bouffe: 1455978510464
    octonien: 1455978508730
    decouverte: 1455978703514
  lastteleport: 1455978511145
  logout: 1455978738871
ipAddress: 198.144.106.22
lastlocation:
  world: world
  x: -0.5
  y: 190.5
  z: 0.5
  yaw: -345.93304
  pitch: -5.6204033
logoutlocation:
  world: world
  x: 2112.7703333301292
  y: 64.0
  z: -1748.8238931375229
  yaw: -63.299126
  pitch: 19.499783
