timestamps:
  login: 1455470671736
  logout: 1455470975593
ipAddress: 46.253.172.119
lastlocation:
  world: world
  x: 5.5
  y: 188.0
  z: -6.5
  yaw: 0.0
  pitch: 0.0
logoutlocation:
  world: world
  x: 0.5
  y: 190.5
  z: 0.5
  yaw: -181.36298
  pitch: 70.68065
