timestamps:
  login: 1455187650084
  logout: 1455187774980
  lastteleport: 1455187761846
ipAddress: 2.8.249.49
lastlocation:
  world: world
  x: 2.0916732441677865
  y: 190.875
  z: -1.0622241295364505
  yaw: 259.0596
  pitch: 30.900007
logoutlocation:
  world: world
  x: 2.9499999880790715
  y: 191.0
  z: -1.9499999880790715
  yaw: -94.94051
  pitch: 47.399994
