timestamps:
  login: 1455718911958
  kits:
    bouffe: 1455719104756
    octonien: 1455718951470
  logout: 1455719372644
ipAddress: 92.93.98.105
lastlocation:
  world: world
  x: -4.5
  y: 188.0
  z: -6.5
  yaw: 0.0
  pitch: 0.0
logoutlocation:
  world: world
  x: -201.7322300792439
  y: 32.0
  z: -25.72178093566318
  yaw: -95.02054
  pitch: 12.900046
