timestamps:
  login: 1455566473767
ipAddress: 77.134.71.88
lastlocation:
  world: world
  x: -2.5
  y: 189.0
  z: 8.5
  yaw: 0.0
  pitch: 0.0
logoutlocation:
  world: world
  x: -1.3422456059834067
  y: 190.0
  z: -1.364980371080219
  yaw: -263.26294
  pitch: 46.530643
