uuid: 302989cf-2d6c-31ea-8f21-c8e6d13be95c
timestamps:
  login: 1456797208690
  kits:
    octonien: 1456797419895
  mute: 1456801980104
  logout: 1456798440005
ipAddress: 95.176.103.203
lastlocation:
  world: world
  x: -2.5
  y: 193.0
  z: 3.5
  yaw: 0.0
  pitch: 0.0
muted: true
ban:
  reason: Banni temporairement du serveur pour 2 jours.
  timeout: 1456971283003
logoutlocation:
  world: world
  x: -268.57541046738135
  y: 64.0
  z: -246.65787273671583
  yaw: -4.2658386
  pitch: 18.545357
