timestamps:
  login: 1454776575145
  logout: 1454776602932
ipAddress: 2.3.237.157
lastlocation:
  world: world
  x: 3.5
  y: 189.0
  z: 8.5
  yaw: 0.0
  pitch: 0.0
logoutlocation:
  world: world
  x: -0.05640325665323345
  y: 191.0
  z: 0.06084168811078994
  yaw: -178.79053
  pitch: 16.049873
socialspy: false
