timestamps:
  login: 1456409073608
  logout: 1456411132855
  lastteleport: 1456336108821
  kits:
    bouffe: 1456151166985
    octonien: 1456168234527
    decouverte: 1456410179404
  lastheal: 1456410997521
ipAddress: 93.22.237.58
lastlocation:
  world: world
  x: -9720.699999988079
  y: 64.0
  z: 377.31680428190157
  yaw: 83.884796
  pitch: 16.251719
logoutlocation:
  world: world
  x: -8801.436289762274
  y: 82.0
  z: 4597.116942500344
  yaw: 331.74323
  pitch: 25.444172
homes:
  home:
    world: world
    x: -7865.0782204831075
    y: 9.0
    z: 2208.573850179975
    yaw: 294.5633
    pitch: 58.05837
money: '7047.570'
uuid: 7b19df51-b52b-3e46-93f4-56b46944b99b
