timestamps:
  login: 1455410796720
  logout: 1455410826335
  kits:
    bouffe: 1455410821933
ipAddress: 90.26.248.91
lastlocation:
  world: world
  x: -0.5
  y: 191.0
  z: 1.5
  yaw: 0.0
  pitch: 0.0
logoutlocation:
  world: world
  x: 0.49440824682824314
  y: 190.5
  z: -0.7042623250580857
  yaw: -108.76298
  pitch: 36.930653
