uuid: 2b08cef1-6264-350c-9cc6-9a95ca77a4dc
timestamps:
  login: 1456615492402
  lastteleport: 1456615513094
  kits:
    bouffe: 1456615613702
    octonien: 1456615516492
ipAddress: 92.154.179.126
lastlocation:
  world: world
  x: -1.9399564530828142
  y: 191.0
  z: 2.8381625748772343
  yaw: -247.75096
  pitch: 43.497826
