timestamps:
  login: 1455582909997
  kits:
    octonien: 1455582054222
  logout: 1455584502771
  lastteleport: 1455582931397
ipAddress: 89.94.38.73
lastlocation:
  world: world
  x: -9.446753952330587
  y: 189.0
  z: -2.7865496059837316
  yaw: 35.23727
  pitch: 17.28066
logoutlocation:
  world: world
  x: 3502.0597016924667
  y: 77.0
  z: 7538.1961351366435
  yaw: 301.59863
  pitch: 38.84997
