timestamps:
  login: 1455447484297
  logout: 1455447497695
ipAddress: 85.168.216.47
lastlocation:
  world: world
  x: 7.5
  y: 187.0
  z: 6.5
  yaw: 0.0
  pitch: 0.0
logoutlocation:
  world: world
  x: -11.905944681839747
  y: 189.0
  z: 1.1792343869579849
  yaw: -351.76294
  pitch: 61.830658
