socialspy: false
timestamps:
  login: 1454804906442
  logout: 1454804909741
ipAddress: 82.242.210.165
lastlocation:
  world: world
  x: -0.05640325665323345
  y: 191.0
  z: 0.06084168811078994
  yaw: -178.79053
  pitch: 16.049873
ban:
  reason: 'Banni : Le marteau du bannissement a frappé !'
  timeout: 0
logoutlocation:
  world: world
  x: -0.05640325665323345
  y: 191.0
  z: 0.06084168811078994
  yaw: -178.79053
  pitch: 16.049873
