socialspy: false
timestamps:
  login: 1454864067418
  logout: 1454868288695
  kits:
    octonien: 1454864371119
  lastteleport: 1454864779121
ipAddress: 81.220.62.46
lastlocation:
  world: world
  x: 227.69999998807907
  y: 63.0
  z: -359.6328266108593
  yaw: 273.45996
  pitch: 18.599977
logoutlocation:
  world: world
  x: 1157.1918974671003
  y: 66.0
  z: -668.5890870761206
  yaw: 252.58746
  pitch: 4.9500203
