uuid: af21f941-588a-39f3-88cd-9ded0108a2c1
timestamps:
  login: 1456415668311
  kits:
    octonien: 1456415721210
  logout: 1456416122132
ipAddress: 79.92.202.90
lastlocation:
  world: world
  x: 3.5
  y: 178.0
  z: -3.5
  yaw: 0.0
  pitch: 0.0
logoutlocation:
  world: world
  x: -2.949999988079068
  y: 191.0
  z: -1.9499999880790737
  yaw: 318.49
  pitch: 67.049995
