timestamps:
  login: 1455288189653
  kits:
    bouffe: 1455288282362
    octonien: 1455288198357
  logout: 1455288748122
  lastteleport: 1455288447437
ipAddress: 93.21.212.134
lastlocation:
  world: world
  x: -131.6286726084803
  y: 26.0
  z: -152.27854819833135
  yaw: 254.30986
  pitch: 14.249614
logoutlocation:
  world: world
  x: -0.5
  y: 190.5
  z: 0.5
  yaw: -180.44048
  pitch: 81.74999
