timestamps:
  login: 1455710568072
  kits:
    octonien: 1455710631496
  logout: 1455710927538
ipAddress: 78.198.129.162
lastlocation:
  world: world
  x: 1.5
  y: 189.0
  z: 4.5
  yaw: 0.0
  pitch: 0.0
logoutlocation:
  world: world
  x: -32.878922538639955
  y: 191.0
  z: -23.699999988079078
  yaw: -177.03278
  pitch: 20.099974
