timestamps:
  login: 1455614289867
  logout: 1455614370988
ipAddress: 176.154.243.15
lastlocation:
  world: world
  x: 2.5
  y: 193.0
  z: 3.5
  yaw: 0.0
  pitch: 0.0
logoutlocation:
  world: world
  x: -6.021172648585878
  y: 189.0
  z: 0.9272348408839699
  yaw: 85.78702
  pitch: -0.26935178
