timestamps:
  login: 1455135852462
  kits:
    bouffe: 1455136083171
    octonien: 1455135865182
  logout: 1455136219995
ipAddress: 88.169.230.174
lastlocation:
  world: world
  x: 7.5
  y: 189.0
  z: 1.5
  yaw: 0.0
  pitch: 0.0
logoutlocation:
  world: world
  x: -681.2939662329647
  y: 63.0
  z: -133.94146239051562
  yaw: -106.48987
  pitch: 14.250087
