uuid: 6a2b684b-e4b6-35af-98a9-5badbcebd0ea
timestamps:
  login: 1456155103371
  kits:
    bouffe: 1456155125214
    octonien: 1456155108712
  logout: 1456155463475
ipAddress: 86.201.65.53
lastlocation:
  world: world
  x: 0.5
  y: 191.0
  z: 0.5
  yaw: 0.0
  pitch: 0.0
logoutlocation:
  world: world
  x: -2.05963415510081
  y: 25.0
  z: 86.66348181352235
  yaw: 168.40039
  pitch: -0.15000567
