timestamps:
  login: 1455128806802
  logout: 1455128894929
ipAddress: 82.240.247.82
lastlocation:
  world: world
  x: 5.5
  y: 188.0
  z: -6.5
  yaw: 0.0
  pitch: 0.0
logoutlocation:
  world: world
  x: -0.5378616370874978
  y: 191.2531999805212
  z: 0.8518115272136793
  yaw: -279.89047
  pitch: 2.3999991
