timestamps:
  login: 1455712944474
  kits:
    octonien: 1455712964928
  logout: 1455713578572
ipAddress: 92.138.7.18
lastlocation:
  world: world
  x: -0.5
  y: 208.0
  z: 7.5
  yaw: 0.0
  pitch: 0.0
logoutlocation:
  world: world
  x: 17.31806206612028
  y: 189.0
  z: 3.361902505788423
  yaw: 38.244385
  pitch: -23.66408
