timestamps:
  login: 1455007298380
  kits:
    octonien: 1455007347987
  logout: 1455007992122
ipAddress: 78.220.144.199
lastlocation:
  world: world
  x: -3.5
  y: 179.0
  z: 3.5
  yaw: 0.0
  pitch: 0.0
logoutlocation:
  world: world
  x: -495.69999998807907
  y: 6.0
  z: 3.6999999880790684
  yaw: -3.5911865
  pitch: 1.5000223
