socialspy: false
timestamps:
  login: 1456257957504
  kits:
    bouffe: 1456257989191
    octonien: 1456258539001
  logout: 1456259118298
  lastteleport: 1456258990506
ipAddress: 81.251.68.99
lastlocation:
  world: world
  x: -1072.4512345986923
  y: 5.0
  z: -2893.439544853654
  yaw: 7.9797945
  pitch: 15.237794
homes:
  home:
    world: world
    x: -1024.302836044113
    y: 69.0
    z: -2769.3973582509066
    yaw: 260.84772
    pitch: 49.019703
logoutlocation:
  world: world
  x: -4.331178233376326
  y: 189.0
  z: 1.282260193449976
  yaw: -285.2613
  pitch: 46.765106
uuid: 8b431709-ffdb-31ac-ba61-a7898bce8956
