timestamps:
  login: 1455265913616
  logout: 1455265952515
ipAddress: 80.200.55.2
lastlocation:
  world: world
  x: -5.5
  y: 189.0
  z: 1.5
  yaw: 0.0
  pitch: 0.0
logoutlocation:
  world: world
  x: 1.5491698155929865
  y: 189.0
  z: -18.746189560892365
  yaw: -11.454978
  pitch: 9.502518
