timestamps:
  login: 1454928011049
  kits:
    octonien: 1454928034416
  logout: 1454928805299
ipAddress: 202.22.133.230
lastlocation:
  world: world
  x: 1.5
  y: 190.0
  z: -1.5
  yaw: 0.0
  pitch: 0.0
logoutlocation:
  world: world
  x: -0.5252114187455437
  y: 190.5
  z: 2.5783768805151084
  yaw: 4.0358725
  pitch: 9.346765
