uuid: 6a241fe7-c6cc-3eb6-bd1a-3243444f3e82
timestamps:
  login: 1456865553717
  logout: 1456865750890
ipAddress: 82.228.254.31
lastlocation:
  world: world
  x: -1.5
  y: 190.0
  z: 3.5
  yaw: 0.0
  pitch: 0.0
logoutlocation:
  world: world
  x: 12.375606194661625
  y: 22.5
  z: 14.653778363486074
  yaw: -254.05396
  pitch: 8.700008
