uuid: 80afa129-c479-38ee-9c81-d27a87641595
timestamps:
  login: 1455891811292
  logout: 1455891936723
ipAddress: 82.240.0.130
lastlocation:
  world: world
  x: 5.5
  y: 189.0
  z: -9.5
  yaw: 0.0
  pitch: 0.0
logoutlocation:
  world: world
  x: 1599.8189353186904
  y: 71.0
  z: 1247.7166172578393
  yaw: -238.94992
  pitch: 51.90004
