timestamps:
  login: 1454980048859
ipAddress: 88.189.141.25
lastlocation:
  world: world
  x: 0.5
  y: 190.0
  z: 2.5
  yaw: 0.0
  pitch: 0.0
logoutlocation:
  world: world
  x: 12.078833737676645
  y: 189.0
  z: -3.545213252371287
  yaw: 55.359528
  pitch: -1.650001
