timestamps:
  login: 1455305230728
  lastteleport: 1455293796582
  logout: 1455309633374
ipAddress: 83.79.254.14
lastlocation:
  world: world
  x: -0.5
  y: 190.5
  z: 0.5
  yaw: -180.44048
  pitch: 81.74999
logoutlocation:
  world: world
  x: -1049.300000011921
  y: 61.5
  z: -7295.699999988079
  yaw: 21.300167
  pitch: 84.599945
