timestamps:
  login: 1455663010822
  kits:
    octonien: 1455663250764
  logout: 1455664660159
ipAddress: 90.17.201.193
lastlocation:
  world: world
  x: 7.5
  y: 189.0
  z: -8.5
  yaw: 0.0
  pitch: 0.0
logoutlocation:
  world: world
  x: -3.46934084823919
  y: 189.0
  z: 12.392608612460622
  yaw: 1.640625
  pitch: 7.2791996
