timestamps:
  login: 1455093061243
  kits:
    octonien: 1455093097404
  lastteleport: 1455093222643
  logout: 1455093453878
ipAddress: 90.34.20.125
lastlocation:
  world: world
  x: 2.699999988079073
  y: 180.0
  z: 4.06339309555077
  yaw: -83.09049
  pitch: 34.350014
logoutlocation:
  world: world
  x: -0.07650790082225645
  y: 190.5
  z: 0.5082654282270697
  yaw: -180.74046
  pitch: 85.19999
