uuid: 5535e4c9-2562-3c35-b638-6191ccfaa533
timestamps:
  login: 1457091828194
  kits:
    bouffe: 1457091854619
    octonien: 1457089258593
  lastteleport: 1457094577962
  logout: 1457094615480
  mute: 1457098183758
ipAddress: 81.250.63.190
lastlocation:
  world: world
  x: 4190.457640478476
  y: 63.0
  z: 966.1252516501196
  yaw: 18.939104
  pitch: 44.85
homes:
  home:
    world: world
    x: 5797.370589299469
    y: 13.0
    z: 2377.7872364839623
    yaw: 3.6940627
    pitch: 11.2500105
logoutlocation:
  world: world
  x: 4187.913752801574
  y: 71.0
  z: 913.5310773274948
  yaw: 60.489258
  pitch: 24.749996
money: '31.5'
muted: true
