timestamps:
  login: 1456652789450
  logout: 1456655350226
  lastteleport: 1456652917016
  kits:
    bouffe: 1455974720695
    octonien: 1456514339937
    decouverte: 1456515949570
  lastheal: 1456655320305
ipAddress: 78.112.177.104
lastlocation:
  world: world
  x: -6.033124375533076
  y: 189.0
  z: -0.023584765002023833
  yaw: -101.37314
  pitch: 30.957775
logoutlocation:
  world: world
  x: 8899.866591890948
  y: 31.0
  z: -625.3167435848204
  yaw: 268.8707
  pitch: 8.114214
homes:
  home:
    world: world
    x: 9316.409076988224
    y: 9.0
    z: 342.9766094851688
    yaw: -121.14861
    pitch: 29.030611
uuid: 2fc02ca7-74a7-3351-aef3-aea441af2569
money: '24.995'
