timestamps:
  login: 1455034680227
  logout: 1455034971363
ipAddress: 109.211.111.144
lastlocation:
  world: world
  x: 2.5
  y: 190.0
  z: 1.5
  yaw: 0.0
  pitch: 0.0
logoutlocation:
  world: world
  x: 86.43304075910346
  y: 29.0
  z: 71.59631954817203
  yaw: 158.85925
  pitch: 29.100004
