uuid: bdda3618-c2a7-387c-95da-fd072ecd8aec
timestamps:
  login: 1456709561190
  logout: 1456709598154
ipAddress: 90.56.176.99
lastlocation:
  world: world
  x: -3.5
  y: 191.0
  z: -2.5
  yaw: 0.0
  pitch: 0.0
logoutlocation:
  world: world
  x: 1.5719253262732362
  y: 190.5
  z: 0.5186451034387574
  yaw: -16.750916
  pitch: 28.19782
