uuid: 5b54f734-8b6a-3f6a-b7aa-1f85f3c57f1e
timestamps:
  login: 1456017113443
  kits:
    bouffe: 1456016842813
    octonien: 1456016838714
  logout: 1456018124360
ipAddress: 90.41.51.117
lastlocation:
  world: world
  x: 24.5
  y: 189.0
  z: 7.5
  yaw: 0.0
  pitch: 0.0
logoutlocation:
  world: world
  x: 25.69999998807907
  y: 187.0
  z: 21.496667973641713
  yaw: 51.1715
  pitch: 7.0559955
