uuid: b1447687-7a11-30d1-afa6-dab88986219a
timestamps:
  login: 1456242799452
  logout: 1456242815811
ipAddress: 77.146.30.73
lastlocation:
  world: world
  x: -3.5
  y: 186.0
  z: 4.5
  yaw: 0.0
  pitch: 0.0
ban:
  reason: 'Banni : tama la mienne'
  timeout: 0
logoutlocation:
  world: world
  x: 14.716687899523002
  y: 189.0
  z: -15.021308833838761
  yaw: -94.549164
  pitch: 26.056028
