timestamps:
  login: 1454928871641
  logout: 1454928885586
ipAddress: 78.204.48.108
lastlocation:
  world: world
  x: 3.5
  y: 188.0
  z: -8.5
  yaw: 0.0
  pitch: 0.0
logoutlocation:
  world: world
  x: -0.056403256653233425
  y: 191.0
  z: 0.06084168811078994
  yaw: -176.84053
  pitch: 15.449874
