socialspy: false
timestamps:
  login: 1455784422862
  kits:
    bouffe: 1455787538861
    octonien: 1455303995427
  logout: 1455787886360
  lastteleport: 1455787186636
  lastheal: 1455307513716
ipAddress: 80.119.75.42
lastlocation:
  world: world
  x: 8443.987592451433
  y: 5.0
  z: 4729.448407322875
  yaw: -44.441284
  pitch: 43.199978
logoutlocation:
  world: world
  x: 2756.1763557085724
  y: 78.0
  z: 1058.6989565714034
  yaw: 120.3
  pitch: 16.800001
homes:
  home:
    world: world
    x: 8444.355921970238
    y: 5.0
    z: 4728.649529404257
    yaw: 92.84924
    pitch: 65.85002
money: '10152.00'
uuid: a7b358bc-0421-30f9-b479-891a2be66852
