timestamps:
  login: 1455057379923
  logout: 1455057681058
ipAddress: 90.54.184.4
lastlocation:
  world: world
  x: -3.5
  y: 189.0
  z: -5.5
  yaw: 0.0
  pitch: 0.0
logoutlocation:
  world: world
  x: -0.5
  y: 190.5
  z: 0.5
  yaw: -182.84047
  pitch: 86.09999
