uuid: 1efda648-555b-330c-ad05-911278afcad7
timestamps:
  login: 1455908870129
  lastteleport: 1455908898094
  logout: 1455908975819
ipAddress: 90.14.223.210
lastlocation:
  world: world
  x: -0.5
  y: 190.5
  z: 0.5
  yaw: -358.23306
  pitch: 6.829597
logoutlocation:
  world: world
  x: 776.5
  y: 37.0
  z: 9856.5
  yaw: -270.05908
  pitch: -8.8682785
