timestamps:
  login: 1455134359698
  logout: 1455135014884
  kits:
    octonien: 1455134445311
ipAddress: 88.181.244.36
lastlocation:
  world: world
  x: 0.5
  y: 198.0
  z: -0.5
  yaw: 0.0
  pitch: 0.0
logoutlocation:
  world: world
  x: -2.949999988079074
  y: 191.0
  z: -1.9499999880790968
  yaw: -208.71008
  pitch: 10.338375
