timestamps:
  login: 1455364544403
  logout: 1455365114506
ipAddress: 84.102.147.225
lastlocation:
  world: world
  x: -2.5
  y: 189.0
  z: 5.5
  yaw: 0.0
  pitch: 0.0
logoutlocation:
  world: world
  x: 68.43474326853215
  y: 29.0
  z: -141.699999988079
  yaw: -340.0305
  pitch: 90.0
