timestamps:
  login: 1454774073907
  logout: 1454774103408
ipAddress: 95.136.214.222
lastlocation:
  world: world
  x: -6.5
  y: 186.0
  z: -6.5
  yaw: 0.0
  pitch: 0.0
logoutlocation:
  world: world
  x: -0.05640325665323345
  y: 191.0
  z: 0.06084168811078994
  yaw: -178.79053
  pitch: 16.049873
