uuid: e63937f5-f675-3c82-be24-f3f6f3542095
timestamps:
  login: 1457171021080
  logout: 1457171938171
ipAddress: 86.199.243.53
lastlocation:
  world: world
  x: 0.5
  y: 190.0
  z: 3.5
  yaw: 0.0
  pitch: 0.0
logoutlocation:
  world: world
  x: 0.01824782120930235
  y: 190.5
  z: 0.3461496600293048
  yaw: -318.0972
  pitch: -7.7881293
