timestamps:
  login: 1455734296291
  kits:
    bouffe: 1455725262367
    octonien: 1455725256565
  logout: 1455734930146
ipAddress: 90.34.18.247
lastlocation:
  world: world
  x: -2.5
  y: 189.0
  z: -8.5
  yaw: 0.0
  pitch: 0.0
logoutlocation:
  world: world
  x: -689.3429403224544
  y: 69.0
  z: 182.69999998807907
  yaw: -286.93805
  pitch: 20.056835
