timestamps:
  login: 1455207533822
  logout: 1455207604792
ipAddress: 90.18.189.40
lastlocation:
  world: world
  x: -1.5
  y: 191.0
  z: 1.5
  yaw: 0.0
  pitch: 0.0
logoutlocation:
  world: world
  x: 27.574905614454313
  y: 188.0
  z: 11.393122520088333
  yaw: -65.240486
  pitch: 32.099995
