uuid: 92c14b21-4dd8-38eb-8ef5-298135faa1c8
timestamps:
  login: 1455920974606
  logout: 1455921240510
ipAddress: 78.208.226.41
lastlocation:
  world: world
  x: -5.5
  y: 185.0
  z: 5.5
  yaw: 0.0
  pitch: 0.0
logoutlocation:
  world: world
  x: 0.37027764836655574
  y: 189.0
  z: -3.8170997540508154
  yaw: -311.28308
  pitch: 7.4295955
