uuid: 3939865a-21c7-3fae-8b18-9e6932802ae4
timestamps:
  login: 1457266901769
  kits:
    octonien: 1457267291896
  lastheal: 1457270207656
  logout: 1457271609864
  lastteleport: 1457270064570
ipAddress: 85.201.145.229
lastlocation:
  world: world
  x: 16.680608129860207
  y: 189.0
  z: -10.323288845730985
  yaw: 172.42184
  pitch: 29.583818
homes:
  home:
    world: world
    x: 274.9884661150084
    y: 19.0
    z: 167.6283549162892
    yaw: 121.296265
    pitch: 36.44998
logoutlocation:
  world: world
  x: 295.6276332352605
  y: 64.0
  z: 187.6920720711485
  yaw: 338.33398
  pitch: 11.099959
money: '520.0'
