timestamps:
  login: 1455456823911
  logout: 1455457127778
ipAddress: 82.231.54.155
lastlocation:
  world: world
  x: 4.5
  y: 188.0
  z: 7.5
  yaw: 0.0
  pitch: 0.0
logoutlocation:
  world: world
  x: -0.6711584744493964
  y: 189.0
  z: 5.631398239067907
  yaw: 37.036926
  pitch: -19.769354
