socialspy: false
timestamps:
  login: 1454862117938
  kits:
    octonien: 1454862203786
  logout: 1454862318507
ipAddress: 82.245.93.62
lastlocation:
  world: world
  x: -0.05640325665323345
  y: 191.0
  z: 0.06084168811078994
  yaw: -178.79053
  pitch: 16.049873
logoutlocation:
  world: world
  x: 14.877670935458708
  y: 41.0
  z: -104.95832032154777
  yaw: -169.79771
  pitch: 78.240105
