socialspy: false
timestamps:
  login: 1457269606463
  kits:
    bouffe: 1454937871777
    octonien: 1457268695379
  logout: 1457270563426
  lastteleport: 1457270373140
  lastheal: 1456630109218
ipAddress: 90.12.180.217
lastlocation:
  world: world
  x: 3000.967311970383
  y: 5.0
  z: 1077.0493931243666
  yaw: 83.39554
  pitch: 15.000011
logoutlocation:
  world: world
  x: 3332.8551992159896
  y: 5.0
  z: -11.136263147600419
  yaw: -44.999195
  pitch: 36.750004
homes:
  home:
    world: world
    x: 3000.967311970383
    y: 5.0
    z: 1077.0493931243666
    yaw: 83.39554
    pitch: 15.000011
money: '8585.0'
uuid: 23cf5fbe-159b-32fd-8426-5c1ce6ef0763
