timestamps:
  login: 1455312854548
  logout: 1455312881294
ipAddress: 84.5.95.114
lastlocation:
  world: world
  x: 7.5
  y: 189.0
  z: -9.5
  yaw: 0.0
  pitch: 0.0
logoutlocation:
  world: world
  x: 0.6121503887353017
  y: 190.0
  z: -2.2999194491147037
  yaw: -180.31297
  pitch: 51.78064
