uuid: 91ee16d8-ca1e-3095-83ee-f0579c711b78
timestamps:
  login: 1456946508501
  kits:
    bouffe: 1456862930546
    octonien: 1456862187289
  logout: 1456946693202
  lastteleport: 1456946591875
ipAddress: 80.9.165.100
lastlocation:
  world: world
  x: 1941.5342266749874
  y: 76.0
  z: -998.2869976453571
  yaw: 11.499115
  pitch: 3.6505194
logoutlocation:
  world: world
  x: -4.165877275467645
  y: 188.0
  z: 25.466738687904176
  yaw: -273.7717
  pitch: 14.601785
homes: {}
