timestamps:
  login: 1455135768311
  kits:
    octonien: 1455135838924
  logout: 1455135939007
ipAddress: 88.169.230.174
lastlocation:
  world: world
  x: -4.5
  y: 188.0
  z: -6.5
  yaw: 0.0
  pitch: 0.0
logoutlocation:
  world: world
  x: -49.69999998807907
  y: 199.0
  z: 11.35556896628584
  yaw: -176.39038
  pitch: 34.64996
