timestamps:
  login: 1455560067192
  logout: 1455560146775
ipAddress: 62.147.131.97
lastlocation:
  world: world
  x: 9.5
  y: 189.0
  z: -5.5
  yaw: 0.0
  pitch: 0.0
logoutlocation:
  world: world
  x: -25.61682347535606
  y: 31.0
  z: -70.69999998807907
  yaw: -252.4629
  pitch: 17.730646
