uuid: dd16999d-0fba-3ee4-b11b-892185554cd1
timestamps:
  login: 1456768402566
  logout: 1456768434582
ipAddress: 88.121.178.31
lastlocation:
  world: world
  x: -1.5
  y: 190.0
  z: -1.5
  yaw: 0.0
  pitch: 0.0
logoutlocation:
  world: world
  x: -2.3702909051919887
  y: 190.0
  z: 1.503573650682879
  yaw: -102.86577
  pitch: 26.669207
