timestamps:
  login: 1454928327168
  logout: 1454928347195
ipAddress: 78.226.241.209
lastlocation:
  world: world
  x: 7.5
  y: 188.0
  z: -8.5
  yaw: 0.0
  pitch: 0.0
logoutlocation:
  world: world
  x: -3.699999988079071
  y: 188.0
  z: 14.841303897799179
  yaw: -125.69054
  pitch: 14.549873
