timestamps:
  login: 1455232086338
  kits:
    octonien: 1455232138752
  logout: 1455232166303
ipAddress: 45.73.77.40
lastlocation:
  world: world
  x: -3.5
  y: 193.0
  z: -1.5
  yaw: 0.0
  pitch: 0.0
logoutlocation:
  world: world
  x: -2.0443161627334967
  y: 189.0
  z: -7.570604177289318
  yaw: -345.80945
  pitch: 17.581953
