uuid: 63c782e7-bef4-3b83-a56a-25589bbd1990
timestamps:
  login: 1457216230352
  lastteleport: 1457216500598
  kits:
    octonien: 1457216579092
  logout: 1457217675350
ipAddress: 78.113.220.132
lastlocation:
  world: world
  x: 0.01824782120930235
  y: 190.5
  z: 0.3461496600293048
  yaw: -358.60095
  pitch: 4.0478225
logoutlocation:
  world: world
  x: -1023.699999988079
  y: 57.0
  z: -2170.300000011921
  yaw: -113.85003
  pitch: 90.0
