timestamps:
  login: 1455101767331
  lastteleport: 1455099424905
  kits:
    bouffe: 1455101986304
    octonien: 1455099449677
  logout: 1455102248363
ipAddress: 86.204.113.85
lastlocation:
  world: world
  x: -0.5862973516402419
  y: 190.5
  z: -0.8825226464097402
  yaw: -162.5905
  pitch: 17.849985
logoutlocation:
  world: world
  x: 7014.559500776292
  y: 11.0
  z: 2851.696917577725
  yaw: -12.994385
  pitch: 29.849998
