timestamps:
  login: 1454935367813
  kits:
    octonien: 1454935400221
  logout: 1454936566589
  lastteleport: 1454936564246
ipAddress: 81.66.103.237
lastlocation:
  world: world
  x: -186.3489142332735
  y: 29.0
  z: -22.371892755802087
  yaw: 210.80917
  pitch: -3.750007
logoutlocation:
  world: world
  x: -1.603670422357542
  y: 190.0
  z: -1.4496291905614818
  yaw: -254.99051
  pitch: 69.74988
