timestamps:
  login: 1455394354656
  logout: 1455394797012
  lastteleport: 1455394667553
  kits:
    bouffe: 1455392652775
    octonien: 1455382329170
ipAddress: 86.212.238.71
lastlocation:
  world: world
  x: 2.1821602303081598
  y: 178.0
  z: -1.3677593099621204
  yaw: 86.53718
  pitch: -36.11936
logoutlocation:
  world: world
  x: -3.1395164064175285
  y: 190.0
  z: -0.0865199408470008
  yaw: 236.53702
  pitch: 10.530627
homes:
  home:
    world: world
    x: 2111.534733699488
    y: 8.0
    z: -1747.1825105782643
    yaw: -191.36552
    pitch: 11.250015
