timestamps:
  login: 1456859376054
  kits:
    octonien: 1455378420538
  logout: 1456859556331
ipAddress: 90.5.42.129
lastlocation:
  world: world
  x: 3.5
  y: 190.0
  z: 1.5
  yaw: 0.0
  pitch: 0.0
logoutlocation:
  world: world
  x: -18.158874728377793
  y: 188.5
  z: 16.904567295616506
  yaw: -208.36269
  pitch: 17.549995
uuid: b6e22daa-56f7-3ba3-a436-cc1b72075e98
