timestamps:
  login: 1455494514115
  kits:
    octonien: 1455494539202
  lastteleport: 1455494624209
  logout: 1455496058310
ipAddress: 31.24.244.225
lastlocation:
  world: world
  x: -3.1432941622330484
  y: 189.0
  z: -9.035866140604538
  yaw: -2.8638
  pitch: 21.59997
logoutlocation:
  world: world
  x: 50.22458249127514
  y: 187.0
  z: -10.03524692968654
  yaw: -97.328735
  pitch: 10.949996
