timestamps:
  login: 1455369943131
  kits:
    bouffe: 1455371411758
    octonien: 1455369964610
  logout: 1455371424849
ipAddress: 78.216.22.93
lastlocation:
  world: world
  x: -6.5
  y: 189.0
  z: -7.5
  yaw: 0.0
  pitch: 0.0
logoutlocation:
  world: world
  x: -2.7994735913482858
  y: 189.0
  z: -10.371968541149581
  yaw: -185.71298
  pitch: 28.380651
