timestamps:
  login: 1456078049370
  kits:
    bouffe: 1455994567011
    octonien: 1455994434400
    chevalier: 1456078188759
  lastteleport: 1456078211688
  logout: 1456078286575
  lastheal: 1455994353145
ipAddress: 2.5.212.109
lastlocation:
  world: world
  x: -1609.880250021426
  y: 7.0
  z: -3887.1774959320683
  yaw: -269.78674
  pitch: -9.150003
logoutlocation:
  world: world
  x: -12.22946394298124
  y: 189.0
  z: -6.54362924137441
  yaw: -146.7492
  pitch: 18.507734
homes:
  home:
    world: world
    x: 91.21314242515795
    y: 64.0
    z: 283.05412147661093
    yaw: 197.31491
    pitch: 8.10001
money: '2400.0'
uuid: 6f0cdcf9-0b58-39bc-9a51-fbcc1c9d5766
