timestamps:
  login: 1455708762446
  kits:
    bouffe: 1455708776955
    octonien: 1455708772838
  lastteleport: 1455708830619
  logout: 1455709017618
ipAddress: 109.18.175.219
lastlocation:
  world: world
  x: -8454.225036672204
  y: 6.0
  z: 2057.0989221110717
  yaw: 45.20358
  pitch: 14.700017
homes:
  home:
    world: world
    x: -8454.225036672204
    y: 6.0
    z: 2057.0989221110717
    yaw: 45.20358
    pitch: 14.700017
logoutlocation:
  world: world
  x: -6.573799405225756
  y: 189.0
  z: 13.915565149524701
  yaw: 50.66691
  pitch: -36.520405
