timestamps:
  login: 1455219465810
  kits:
    bouffe: 1455219669885
    octonien: 1455219484573
  logout: 1455220036779
ipAddress: 78.121.179.84
lastlocation:
  world: world
  x: -10.5
  y: 189.0
  z: -2.5
  yaw: 0.0
  pitch: 0.0
logoutlocation:
  world: world
  x: -2736.699999988079
  y: 58.0
  z: 1014.6876233864045
  yaw: 3.6001892
  pitch: 36.450035
