timestamps:
  login: 1457186481337
  kits:
    bouffe: 1457186612621
    octonien: 1457172868286
    decouverte: 1457172824178
  logout: 1457187072820
  lastteleport: 1457175306206
  lastheal: 1457175238246
ipAddress: 90.47.183.130
lastlocation:
  world: world
  x: -798.3007610572095
  y: 5.0
  z: -2864.0946161697693
  yaw: 116.249725
  pitch: 58.350002
homes:
  home:
    world: world
    x: -741.32572852978
    y: 5.0
    z: -2954.383874807394
    yaw: 89.69998
    pitch: 14.549997
logoutlocation:
  world: world
  x: 2207.300000011921
  y: 7.0
  z: 1568.5872148506762
  yaw: 70.03589
  pitch: -88.200005
money: '315.0'
uuid: e86a1e9e-1a72-35a0-9f2a-ad7145914e57
