timestamps:
  login: 1455093821828
  logout: 1455093963841
ipAddress: 109.128.125.172
lastlocation:
  world: world
  x: 7.5
  y: 189.0
  z: -8.5
  yaw: 0.0
  pitch: 0.0
logoutlocation:
  world: world
  x: -3.5921227017749566
  y: 189.0
  z: -16.49304746885154
  yaw: -189.59053
  pitch: 26.84998
