uuid: c66bd07f-176e-35f1-8160-4a4d7724639f
timestamps:
  login: 1456579610442
  logout: 1456579661029
ipAddress: 88.186.81.214
lastlocation:
  world: world
  x: 2.5
  y: 191.0
  z: -1.5
  yaw: 0.0
  pitch: 0.0
logoutlocation:
  world: world
  x: -1.0880180605609553
  y: 189.0
  z: 7.560509211405941
  yaw: -232.45074
  pitch: 38.847816
