timestamps:
  login: 1455380056520
  lastteleport: 1455380356121
  logout: 1455380864839
ipAddress: 77.196.0.135
lastlocation:
  world: world
  x: -9.61643294859973
  y: 165.0
  z: 1.444556672681646
  yaw: -289.36304
  pitch: 65.85
logoutlocation:
  world: world
  x: 4.754099211686924
  y: 36.0
  z: -106.69999998807907
  yaw: -176.2628
  pitch: 32.399986
