uuid: c8b03f39-9584-39c8-a72a-4112097653f3
timestamps:
  login: 1456679708040
  kits:
    octonien: 1456679720457
  logout: 1456681100873
  lastteleport: 1456680930869
  mute: 1456684671527
ipAddress: 176.157.41.105
lastlocation:
  world: world
  x: -653.8771530537199
  y: 5.0
  z: 195.5947894396479
  yaw: -272.62753
  pitch: 19.326553
muted: true
logoutlocation:
  world: world
  x: -15.228541880303446
  y: 23.0
  z: 52.67671852753945
  yaw: -40.600647
  pitch: 10.650003
