timestamps:
  login: 1454954349112
  logout: 1454954653074
ipAddress: 109.221.4.227
lastlocation:
  world: world
  x: 0.5
  y: 189.0
  z: 7.5
  yaw: 0.0
  pitch: 0.0
logoutlocation:
  world: world
  x: -2.63206380892378
  y: 191.5
  z: -2.2911420851325524
  yaw: -246.73964
  pitch: 24.299877
