uuid: 27f1d855-6c89-3b2b-a6da-da2a2cc7b8cb
timestamps:
  login: 1455966046937
  logout: 1455966087415
ipAddress: 109.89.239.225
lastlocation:
  world: world
  x: -8.5
  y: 189.0
  z: -3.5
  yaw: 0.0
  pitch: 0.0
logoutlocation:
  world: world
  x: -0.5111216423101723
  y: 190.5
  z: 1.1365674510641588
  yaw: -346.53305
  pitch: 7.729597
