timestamps:
  login: 1455387143717
  logout: 1455387174324
ipAddress: 75.152.44.133
lastlocation:
  world: world
  x: -5.5
  y: 185.0
  z: 4.5
  yaw: 0.0
  pitch: 0.0
logoutlocation:
  world: world
  x: 0.5
  y: 191.0
  z: 0.5
  yaw: -181.36298
  pitch: 70.68065
