timestamps:
  login: 1455719351856
  kits:
    octonien: 1455718762677
  lastteleport: 1455720047751
  logout: 1455720250881
ipAddress: 109.129.153.159
lastlocation:
  world: world
  x: 1936.8957356313422
  y: 88.0
  z: -2801.851716297725
  yaw: 58.82208
  pitch: -25.651566
logoutlocation:
  world: world
  x: -282.0899991458796
  y: 53.0
  z: 155.2442633026447
  yaw: -254.84045
  pitch: 33.9
