uuid: f203a598-19ae-33be-b080-e5b0bf353f1c
timestamps:
  login: 1456350767383
  kits:
    bouffe: 1456060252751
    octonien: 1456057610277
  lastteleport: 1456067288923
  logout: 1456350812246
ipAddress: 24.225.191.215
lastlocation:
  world: world
  x: 92.39606362821712
  y: 64.0
  z: 265.7021827666001
  yaw: -135.84473
  pitch: 54.6
homes:
  home:
    world: world
    x: 95.69999998807907
    y: 65.0
    z: 282.47290874852683
    yaw: -3.043005
    pitch: 32.01928
logoutlocation:
  world: world
  x: -0.2796490050746298
  y: 189.5
  z: -3.2019121912455
  yaw: -9.249451
  pitch: 7.7999988
ignore:
- xxxloic08xxx
