timestamps:
  login: 1455729020450
  kits:
    bouffe: 1455729107443
    octonien: 1455729128966
  logout: 1455729207024
ipAddress: 83.114.218.25
lastlocation:
  world: world
  x: 8.5
  y: 188.0
  z: 6.5
  yaw: 0.0
  pitch: 0.0
logoutlocation:
  world: world
  x: 4.058936070808365
  y: 189.0
  z: 7.364336075504236
  yaw: -117.78311
  pitch: 24.52959
