timestamps:
  login: 1455180709433
  kits:
    bouffe: 1455180857503
    octonien: 1455180726640
  logout: 1455181743665
ipAddress: 188.61.90.44
lastlocation:
  world: world
  x: -0.5
  y: 189.0
  z: 9.5
  yaw: 0.0
  pitch: 0.0
logoutlocation:
  world: world
  x: -496.86160662515783
  y: 63.0
  z: 1377.9958605802112
  yaw: 52.958405
  pitch: 39.299843
