timestamps:
  login: 1457197921163
  kits:
    bouffe: 1456676844144
    octonien: 1457199245907
    decouverte: 1457199226472
  lastteleport: 1457201818086
  logout: 1457201975561
  lastheal: 1456679628582
ipAddress: 88.138.165.72
lastlocation:
  world: world
  x: -159.48773362808484
  y: 5.0
  z: -9963.740952023787
  yaw: -179.95337
  pitch: 12.744834
logoutlocation:
  world: world
  x: -1448.699999988079
  y: 6.929002363276719
  z: -9575.300000011921
  yaw: 216.21962
  pitch: -68.27734
homes:
  home:
    world: world
    x: -1438.4538846174084
    y: 8.0
    z: -9583.496534224707
    yaw: -245.75023
    pitch: 51.757305
uuid: 1895ed3c-7dc6-3b67-93cf-0d923ca25e5c
money: '882.25'
