timestamps:
  login: 1455292650586
  logout: 1455293353697
ipAddress: 82.238.79.32
lastlocation:
  world: world
  x: -2.5
  y: 189.0
  z: 4.5
  yaw: 0.0
  pitch: 0.0
logoutlocation:
  world: world
  x: -1.634206746061091
  y: 189.0
  z: 11.014105829038112
  yaw: 9.009516
  pitch: 35.70001
