uuid: c098165e-a81a-35b1-b6a7-aeceb79011ea
timestamps:
  login: 1457114881709
  logout: 1457115186839
ipAddress: 79.86.177.25
lastlocation:
  world: world
  x: -2.5
  y: 193.0
  z: 3.5
  yaw: 0.0
  pitch: 0.0
logoutlocation:
  world: world
  x: -2.6355646899560687
  y: 189.0
  z: 10.757092799126893
  yaw: -338.20114
  pitch: 9.29782
