uuid: 87f7daed-154e-3358-8ff3-526757f96cd9
timestamps:
  login: 1457031663192
  logout: 1457034880808
ipAddress: 78.127.38.92
lastlocation:
  world: world
  x: -4.5
  y: 189.0
  z: 2.5
  yaw: 0.0
  pitch: 0.0
logoutlocation:
  world: world
  x: -10.512255625797923
  y: 189.0
  z: 6.799368125297335
  yaw: -246.85876
  pitch: 8.549962
