timestamps:
  login: 1455106648997
  logout: 1455106658261
  lastteleport: 1455106340832
ipAddress: 90.1.103.208
lastlocation:
  world: world
  x: -2.49596867402104
  y: 190.875
  z: -1.6793207946626723
  yaw: -290.54047
  pitch: 85.95
logoutlocation:
  world: world
  x: 1424.9728820211735
  y: 6.0
  z: 7550.699999988079
  yaw: 4.914055
  pitch: 64.34996
