timestamps:
  login: 1456933304335
  kits:
    bouffe: 1456902049107
    octonien: 1456902030008
    decouverte: 1456902087839
  logout: 1456934364630
  lastteleport: 1456933410285
  lastheal: 1456852868050
ipAddress: 81.48.128.240
lastlocation:
  world: world
  x: 6201.816117135248
  y: 5.0
  z: 1870.4465772799838
  yaw: 270.0041
  pitch: 11.100098
logoutlocation:
  world: world
  x: 2622.919702173091
  y: 6.0
  z: 2122.5245548324865
  yaw: -279.4133
  pitch: 38.549915
uuid: 8eb3a3e4-4baf-3935-bc8e-1ef24a93934d
homes:
  home:
    world: world
    x: 2651.675421153525
    y: 14.0
    z: 2042.558853490622
    yaw: 243.94604
    pitch: 33.600014
money: '148.0'
