timestamps:
  login: 1455718225161
  logout: 1455718337512
ipAddress: 78.213.181.61
lastlocation:
  world: world
  x: -3.5
  y: 180.0
  z: -3.5
  yaw: 0.0
  pitch: 0.0
logoutlocation:
  world: world
  x: -0.4454758221982047
  y: 189.0
  z: 4.770438916690454
  yaw: -1.5330505
  pitch: -4.5704026
