timestamps:
  login: 1455211354571
  kits:
    octonien: 1455211373967
  logout: 1455211449884
ipAddress: 89.94.136.59
lastlocation:
  world: world
  x: -0.5
  y: 189.0
  z: -5.5
  yaw: 0.0
  pitch: 0.0
logoutlocation:
  world: world
  x: -13.16145199467339
  y: 190.0
  z: -13.397901392908135
  yaw: -51.8005
  pitch: 52.550835
