timestamps:
  login: 1455578661075
  lastteleport: 1455578942892
  logout: 1455579040226
ipAddress: 2.2.107.154
lastlocation:
  world: world
  x: 9.300000011920927
  y: 166.0
  z: 2.699999988079064
  yaw: -190.06287
  pitch: 71.99999
logoutlocation:
  world: world
  x: 18.719944402354862
  y: 22.5
  z: 12.409371168291342
  yaw: 295.33594
  pitch: 4.0500207
