timestamps:
  login: 1455559458422
  kits:
    octonien: 1455558658151
  logout: 1455559550734
ipAddress: 109.132.244.229
lastlocation:
  world: world
  x: 6.5
  y: 189.0
  z: -2.5
  yaw: 0.0
  pitch: 0.0
logoutlocation:
  world: world
  x: -28.525668526020727
  y: 189.0
  z: -6.742044336919915
  yaw: -14.562775
  pitch: 28.08065
