socialspy: false
timestamps:
  login: 1454778587099
  kits:
    bouffe: 1454778800272
    octonien: 1454778790683
  lastteleport: 1454778954165
  logout: 1454779627877
ipAddress: 88.127.134.67
lastlocation:
  world: world
  x: 36.51851975987174
  y: 189.0
  z: 9.174389395736045
  yaw: -175.04056
  pitch: 31.949871
