uuid: ea8f2b62-d8d7-33bb-bf5e-c3869e8120e4
timestamps:
  login: 1456177641075
  logout: 1456177854788
ipAddress: 88.172.152.209
lastlocation:
  world: world
  x: -1.5
  y: 190.0
  z: 2.5
  yaw: 0.0
  pitch: 0.0
logoutlocation:
  world: world
  x: -22.963504401222707
  y: 22.5
  z: 2.3359237924340617
  yaw: 28.600677
  pitch: -54.24224
