uuid: fe0e00e9-21e3-38ca-98e6-52e0cf73d614
timestamps:
  login: 1456925145253
  kits:
    octonien: 1456925190457
  logout: 1456925257249
ipAddress: 82.230.254.8
lastlocation:
  world: world
  x: -4.5
  y: 186.0
  z: 3.5
  yaw: 0.0
  pitch: 0.0
logoutlocation:
  world: world
  x: 0.01824782120930235
  y: 190.5
  z: 0.3461496600293048
  yaw: -357.55096
  pitch: 4.1978226
