timestamps:
  login: 1455530265614
  kits:
    bouffe: 1455530310971
    octonien: 1455530285290
  logout: 1455530446746
ipAddress: 78.226.187.30
lastlocation:
  world: world
  x: 4.5
  y: 189.0
  z: -9.5
  yaw: 0.0
  pitch: 0.0
logoutlocation:
  world: world
  x: 0.13290549874023327
  y: 190.5
  z: 0.6625334700997322
  yaw: -176.71295
  pitch: 45.330647
