timestamps:
  login: 1455117331022
  lastteleport: 1455117652850
  kits:
    octonien: 1455117491298
  logout: 1455118049115
ipAddress: 92.131.176.175
lastlocation:
  world: world
  x: -0.07650790082225645
  y: 190.5
  z: 0.5082654282270697
  yaw: -133.19049
  pitch: 15.899989
logoutlocation:
  world: world
  x: -0.07650790082225645
  y: 190.5
  z: 0.5082654282270697
  yaw: -194.84047
  pitch: 81.59999
