timestamps:
  login: 1455123994069
  kits:
    octonien: 1455124010724
  logout: 1455124654375
ipAddress: 88.139.68.230
lastlocation:
  world: world
  x: -2.5
  y: 193.0
  z: 3.5
  yaw: 0.0
  pitch: 0.0
logoutlocation:
  world: world
  x: 2017.5014270709169
  y: 6.0
  z: -2033.6163949185416
  yaw: -196.03236
  pitch: 20.053102
