timestamps:
  login: 1454953327665
  kits:
    bouffe: 1454953373417
    octonien: 1454953364919
  logout: 1454953510003
ipAddress: 88.127.184.107
lastlocation:
  world: world
  x: 7.5
  y: 189.0
  z: -0.5
  yaw: 0.0
  pitch: 0.0
logoutlocation:
  world: world
  x: 29.43219287949248
  y: 188.0
  z: -19.456199251566925
  yaw: -94.16391
  pitch: 38.636627
