uuid: 0177a640-746f-3a0c-afd3-34192dfcef6c
timestamps:
  login: 1455819988009
  logout: 1455820760962
  kits:
    bouffe: 1455813404446
    octonien: 1455813016246
  lastteleport: 1455818388591
ipAddress: 92.92.3.83
lastlocation:
  world: world
  x: 2188.206111958379
  y: 73.0
  z: -2718.649732864638
  yaw: -20.400076
  pitch: 53.09999
logoutlocation:
  world: world
  x: 12.52818919448243
  y: 187.0
  z: -50.59881018030096
  yaw: 1.0168242
  pitch: 14.250001
homes:
  home:
    world: world
    x: -634.5072048196637
    y: 5.0
    z: -63.9112143623738
    yaw: 125.799774
    pitch: 20.548386
