uuid: 0745283e-c629-3e02-88ed-424585c9dfcd
timestamps:
  login: 1455897142146
  logout: 1455897194176
ipAddress: 79.141.163.7
lastlocation:
  world: world
  x: 8.5
  y: 188.0
  z: 5.5
  yaw: 0.0
  pitch: 0.0
logoutlocation:
  world: world
  x: 4.554486616438092
  y: 188.0
  z: -46.110954544728074
  yaw: -237.63324
  pitch: 16.879608
