timestamps:
  login: 1454933857472
  kits:
    octonien: 1454928332269
  logout: 1454934213237
ipAddress: 92.158.51.156
lastlocation:
  world: world
  x: 5.5
  y: 189.0
  z: 2.5
  yaw: 0.0
  pitch: 0.0
logoutlocation:
  world: world
  x: -0.046478005670600564
  y: 190.5
  z: -1.8970211861107713
  yaw: -169.04053
  pitch: 17.399874
