timestamps:
  login: 1455470339681
  lastteleport: 1455470513473
  logout: 1455470553931
ipAddress: 62.241.95.75
lastlocation:
  world: world
  x: -7904.699999988079
  y: 4.0
  z: 5168.699999988079
  yaw: 202.96648
  pitch: 42.15193
logoutlocation:
  world: world
  x: 5.157701070320683
  y: 188.0
  z: -37.47196494069749
  yaw: -334.40753
  pitch: -90.0
