uuid: 91913e01-8f8b-3ee3-9019-bb3d6188359b
timestamps:
  login: 1456061672794
  lastteleport: 1456061725225
  logout: 1456061762439
ipAddress: 178.51.238.206
lastlocation:
  world: world
  x: -1.356966412655784
  y: 190.5
  z: 0.5085305599495769
  yaw: -268.99918
  pitch: 29.457733
logoutlocation:
  world: world
  x: -5097.747856277707
  y: 11.0
  z: -6486.4134117034655
  yaw: 80.818054
  pitch: 5.9999733
