socialspy: false
timestamps:
  login: 1454844457974
ipAddress: 109.223.210.160
lastlocation:
  world: world
  x: -0.05640325665323345
  y: 191.0
  z: 0.06084168811078994
  yaw: -178.79053
  pitch: 16.049873
