uuid: 7e490fb6-e185-3d6c-bbfe-b9e21d8bda36
timestamps:
  login: 1456416554976
  logout: 1456416575318
ipAddress: 87.67.156.203
lastlocation:
  world: world
  x: -0.5
  y: 189.0
  z: 4.5
  yaw: 0.0
  pitch: 0.0
logoutlocation:
  world: world
  x: -13.457444351958237
  y: 189.0
  z: 3.1137148932261063
  yaw: -274.5488
  pitch: 30.198244
