timestamps:
  login: 1457290439387
  kits:
    bouffe: 1457289400327
    octonien: 1457284882980
    decouverte: 1457289620729
  logout: 1457292116275
  lastteleport: 1457291620643
  lastheal: 1457291983944
ipAddress: 86.201.116.156
lastlocation:
  world: world
  x: -74.58933095181737
  y: 34.0
  z: 138.22291740414659
  yaw: -135.79288
  pitch: 26.09998
money: '15667.0'
homes:
  home:
    world: world
    x: -7278.533137048963
    y: 18.0
    z: 2089.794962674293
    yaw: -206.99036
    pitch: 43.35
logoutlocation:
  world: world
  x: -9963.194817223166
  y: 37.5
  z: -507.5349172186228
  yaw: 87.41327
  pitch: 17.849985
uuid: e326859f-d39a-3f19-98fe-9fb543a10629
