uuid: 774c9e8c-d729-349e-90ce-50be8f779b16
timestamps:
  login: 1455808200399
  logout: 1455808538046
ipAddress: 90.34.165.231
lastlocation:
  world: world
  x: -2.5
  y: 193.0
  z: -2.5
  yaw: 0.0
  pitch: 0.0
logoutlocation:
  world: world
  x: -1.7213526616448198
  y: 190.5
  z: -0.7524235898049323
  yaw: -177.93298
  pitch: 69.0796
