timestamps:
  login: 1455210838550
  lastteleport: 1455211018150
  logout: 1455211374544
ipAddress: 109.88.136.182
lastlocation:
  world: world
  x: -19.107359885584767
  y: 189.0
  z: -4.783114996261416
  yaw: 108.45945
  pitch: 18.149986
logoutlocation:
  world: world
  x: -5259.324264891929
  y: 16.0
  z: -4661.014278904849
  yaw: -44.423824
  pitch: 15.600027
