timestamps:
  login: 1456670102474
  logout: 1456670647999
  kits:
    bouffe: 1455916283116
    octonien: 1456670247414
    decouverte: 1456670253841
  lastteleport: 1456670640781
  lastheal: 1456505658876
ipAddress: 137.175.222.216
lastlocation:
  world: world
  x: -32.36595865712729
  y: 205.0
  z: 63.40100068992889
  yaw: -289.001
  pitch: 29.699986
logoutlocation:
  world: world
  x: 0.5
  y: 190.5
  z: 0.5
  yaw: -357.55096
  pitch: 4.1978226
homes:
  home:
    world: world
    x: 288.4198239167117
    y: 64.0
    z: -96.50818531815229
    yaw: -104.76282
    pitch: -0.2680371
money: '89.0'
uuid: e6000b6c-488f-3559-9479-1343e123abc9
