timestamps:
  login: 1455057395386
  logout: 1455057528200
ipAddress: 83.77.26.33
lastlocation:
  world: world
  x: -2.5
  y: 193.0
  z: 3.5
  yaw: 0.0
  pitch: 0.0
logoutlocation:
  world: world
  x: 210.23009064864289
  y: 43.0
  z: 4.358641298487882
  yaw: -171.74054
  pitch: 4.1999855
