timestamps:
  login: 1455040935384
  kits:
    octonien: 1455040665498
  logout: 1455041225325
  lastteleport: 1455041154122
ipAddress: 92.157.228.52
lastlocation:
  world: world
  x: 2282.2677131793025
  y: 5.0
  z: 2086.5305811191333
  yaw: 90.90065
  pitch: 17.999964
logoutlocation:
  world: world
  x: 0.8943238343271513
  y: 190.0
  z: -1.9376594329728571
  yaw: 273.15936
  pitch: 46.05002
