uuid: 5baa0be7-269c-3d70-b286-bc444342ccac
timestamps:
  login: 1457201007540
  lastteleport: 1457192763306
  logout: 1457201307890
  kits:
    bouffe: 1457119979526
    octonien: 1457119829827
  mute: 0
ipAddress: 90.58.135.97
lastlocation:
  world: world
  x: 2532.6345908610792
  y: 3.0
  z: 2592.300000011921
  yaw: -53.55005
  pitch: 36.74996
money: '0.00'
logoutlocation:
  world: world
  x: 0.5
  y: 190.5
  z: 0.5
  yaw: -357.55096
  pitch: 4.1978226
homes:
  home:
    world: world
    x: 2535.3643569784754
    y: 3.0
    z: 2592.699999988079
    yaw: -10.500105
    pitch: 24.45003
muted: false
