uuid: 4cc27b29-e5d4-3f25-84fc-fa61ffd9ee3e
timestamps:
  login: 1457191189951
  logout: 1457191934340
ipAddress: 90.58.135.97
lastlocation:
  world: world
  x: 0.5
  y: 189.0
  z: -4.5
  yaw: 0.0
  pitch: 0.0
logoutlocation:
  world: world
  x: -23.173200524385727
  y: 188.0
  z: -22.450610104317867
  yaw: -126.85162
  pitch: 31.947756
