socialspy: false
timestamps:
  login: 1456155992407
  logout: 1456157877307
  kits:
    bouffe: 1455124170153
    octonien: 1456157468302
  lastteleport: 1456156692516
  mute: 1456160481531
ipAddress: 86.202.88.178
lastlocation:
  world: world
  x: 1335.9757480451378
  y: 22.0
  z: -2255.897178996607
  yaw: 231.8064
  pitch: -46.05002
logoutlocation:
  world: world
  x: 2405.4691715479066
  y: 5.0
  z: -1163.988556313681
  yaw: 179.8518
  pitch: 9.75
homes:
  home:
    world: world
    x: 1337.0481724233464
    y: 22.0
    z: -2257.534931070586
    yaw: 103.7077
    pitch: 18.899958
muted: true
uuid: f7c787eb-56de-3606-8e13-55ec5185b80b
