timestamps:
  login: 1455377974228
  logout: 1455378346541
ipAddress: 96.23.162.59
lastlocation:
  world: world
  x: 9.5
  y: 189.0
  z: 9.5
  yaw: 0.0
  pitch: 0.0
logoutlocation:
  world: world
  x: -8.941844859615479
  y: 189.0
  z: -4.977660488972058
  yaw: -328.51392
  pitch: 17.280703
