socialspy: false
timestamps:
  login: 1457184153037
  kits:
    bouffe: 1457184237768
    octonien: 1457184571533
    decouverte: 1457184616206
  lastteleport: 1457184698334
  logout: 1457184747279
  lastheal: 1457184585292
ipAddress: 82.246.21.89
lastlocation:
  world: world
  x: 5152.094481496817
  y: 67.0
  z: -8490.977947255813
  yaw: -311.10016
  pitch: 16.200005
logoutlocation:
  world: world
  x: 0.01824782120930235
  y: 190.5
  z: 0.3461496600293048
  yaw: -357.55096
  pitch: 4.0478225
homes:
  home:
    world: world
    x: 7880.9272936013085
    y: 17.0
    z: -5925.129421758842
    yaw: 298.05673
    pitch: 57.000015
money: '0.0'
uuid: 9ad6ea1a-4e3c-3c3b-b7e9-bafec2d399ad
