timestamps:
  login: 1455560118364
  kits:
    octonien: 1455560142122
  lastteleport: 1455560502941
  logout: 1455560974744
ipAddress: 88.138.165.146
lastlocation:
  world: world
  x: 139.35199049451583
  y: 64.0
  z: -97.24867836433278
  yaw: -241.30261
  pitch: 26.512259
logoutlocation:
  world: world
  x: 104.39185340528026
  y: 25.0
  z: -143.69779250006587
  yaw: -336.1079
  pitch: 14.400146
