timestamps:
  login: 1455115610793
  kits:
    bouffe: 1455115701281
    octonien: 1455115669989
  logout: 1455117610882
ipAddress: 78.113.215.138
lastlocation:
  world: world
  x: 4.5
  y: 186.0
  z: -4.5
  yaw: 0.0
  pitch: 0.0
money: '132.0'
logoutlocation:
  world: world
  x: 2830.4645571893006
  y: 66.0
  z: -2196.568541142058
  yaw: -89.699646
  pitch: 33.750027
