uuid: d1c27b70-80d6-3764-8f9d-48dcafa42468
timestamps:
  login: 1457024783205
  logout: 1457024946599
ipAddress: 86.202.221.85
lastlocation:
  world: world
  x: 4.5
  y: 187.0
  z: 4.5
  yaw: 0.0
  pitch: 0.0
logoutlocation:
  world: world
  x: 13.07801205036916
  y: 189.0
  z: 1.1759467859429713
  yaw: -111.85095
  pitch: 14.0978155
