timestamps:
  login: 1455037339423
  logout: 1455037387117
ipAddress: 176.189.27.161
lastlocation:
  world: world
  x: -10.5
  y: 189.0
  z: 0.5
  yaw: 0.0
  pitch: 0.0
logoutlocation:
  world: world
  x: 2.5103067062961486
  y: 190.0
  z: 0.8814367101811561
  yaw: -87.80902
  pitch: 22.039928
