timestamps:
  login: 1455381126672
  lastteleport: 1455381164719
  kits:
    octonien: 1455381445077
  logout: 1455381507637
ipAddress: 176.154.219.176
lastlocation:
  world: world
  x: -3.6006551487132414
  y: 189.0
  z: -8.184395101350594
  yaw: -35.38316
  pitch: 4.4919887
logoutlocation:
  world: world
  x: 0.13290549874023327
  y: 190.5
  z: 0.6625334700997322
  yaw: -181.36298
  pitch: 70.68065
