timestamps:
  login: 1455632774380
  kits:
    octonien: 1455632965200
  logout: 1455633088552
ipAddress: 176.152.160.80
lastlocation:
  world: world
  x: -9.5
  y: 189.0
  z: 2.5
  yaw: 0.0
  pitch: 0.0
logoutlocation:
  world: world
  x: -1.8755792943174305
  y: 188.0
  z: 22.23791876891659
  yaw: -32.574707
  pitch: 16.42063
