uuid: 0933ffb2-a4a3-38a8-8d4f-eec8643d77c8
timestamps:
  login: 1456930911953
  logout: 1456930978358
ipAddress: 86.194.15.57
lastlocation:
  world: world
  x: 2.5
  y: 190.0
  z: -0.5
  yaw: 0.0
  pitch: 0.0
logoutlocation:
  world: world
  x: 0.4277414453099482
  y: 189.0
  z: 7.697573598005184
  yaw: -358.90097
  pitch: 4.0478225
