timestamps:
  login: 1455703722259
  kits:
    octonien: 1455703728737
  lastteleport: 1455607722409
  logout: 1455703820650
ipAddress: 90.29.106.96
lastlocation:
  world: world
  x: 0.18229070540033643
  y: 190.0
  z: -1.579348522916178
  yaw: -47.563328
  pitch: 62.13063
logoutlocation:
  world: world
  x: -2987.577580201003
  y: 78.0
  z: -2297.6378599201157
  yaw: 41.550186
  pitch: 29.099987
