timestamps:
  login: 1455109929752
  kits:
    octonien: 1455110148205
  lastteleport: 1455110321139
  logout: 1455111558768
ipAddress: 90.5.13.227
lastlocation:
  world: world
  x: -36.81961752048428
  y: 23.0
  z: 46.30000001192092
  yaw: 226.35034
  pitch: 3.122539
logoutlocation:
  world: world
  x: 1006.5562029668622
  y: 67.0
  z: -2282.9856362265136
  yaw: -28.200459
  pitch: 25.349924
