timestamps:
  login: 1455393850617
  kits:
    bouffe: 1455393932887
    octonien: 1455393944796
  logout: 1455395455240
  lastteleport: 1455394043162
ipAddress: 83.113.193.11
lastlocation:
  world: world
  x: -1.94999998807907
  y: 191.0
  z: 2.980473073053939
  yaw: -6.582333
  pitch: 48.6
logoutlocation:
  world: world
  x: 8516.300000011921
  y: 5.0
  z: 4808.420504478689
  yaw: 90.38086
  pitch: 31.949999
