timestamps:
  login: 1457307021167
  lastteleport: 1457307430934
  logout: 1457307455539
  kits:
    bouffe: 1455987427950
    octonien: 1455997034432
    alchimiste: 1455987722785
  lastheal: 1456589773114
ipAddress: 89.158.53.118
lastlocation:
  world: world
  x: -7690.300000011921
  y: 60.0
  z: -3965.699999988079
  yaw: 20.72906
  pitch: 12.684721
logoutlocation:
  world: world
  x: -11.04206634677276
  y: 189.0
  z: 0.040922899947150176
  yaw: -254.05098
  pitch: -0.17310208
homes:
  home:
    world: world
    x: 1828.9246797698117
    y: 5.0
    z: 61.0860053188635
    yaw: -7.3495474
    pitch: 19.049974
uuid: a0aa5327-c8ff-3cee-9091-fdd197d8525d
money: '3.0'
