timestamps:
  login: 1456653033887
  lastteleport: 1456653054365
  kits:
    bouffe: 1455808408752
    octonien: 1455788273718
    decouverte: 1455809762594
  logout: 1456653093456
  lastheal: 1455789168774
ipAddress: 93.14.242.69
lastlocation:
  world: world
  x: -458.37635579957407
  y: 31.0
  z: -4492.300970896796
  yaw: 171.04495
  pitch: 55.35001
homes:
  home:
    world: world
    x: -4969.699999988079
    y: 54.0
    z: -8600.699999988079
    yaw: -1.5960047
    pitch: 5.550002
logoutlocation:
  world: world
  x: -4975.745760620851
  y: 49.0
  z: -8603.218369224163
  yaw: 53.753967
  pitch: 20.550018
money: '59.0'
uuid: bc95d67b-8e1b-361a-9a48-59f82ffe5f21
