timestamps:
  login: 1455112866289
  kits:
    octonien: 1455112917558
  logout: 1455113018337
ipAddress: 176.144.135.228
lastlocation:
  world: world
  x: 3.5
  y: 185.0
  z: -3.5
  yaw: 0.0
  pitch: 0.0
logoutlocation:
  world: world
  x: 3.1379289274383346
  y: 189.0
  z: -15.136067390755557
  yaw: 187.65958
  pitch: -0.599995
