timestamps:
  login: 1455449480503
  kits:
    octonien: 1455449525803
  lastteleport: 1455453488885
  logout: 1455453591796
ipAddress: 81.248.197.190
lastlocation:
  world: world
  x: 0.24446214162284938
  y: 190.0
  z: 2.5568670853177897
  yaw: -49.662994
  pitch: 19.38065
