uuid: 3840dcfc-7e66-3742-a329-1057df42393c
timestamps:
  login: 1457048053937
  logout: 1457048107143
ipAddress: 82.224.73.121
lastlocation:
  world: world
  x: 4.5
  y: 189.0
  z: 1.5
  yaw: 0.0
  pitch: 0.0
logoutlocation:
  world: world
  x: -6.843320079704521
  y: 189.0
  z: 9.832750085576837
  yaw: -247.00128
  pitch: 16.047813
