timestamps:
  login: 1455712582988
  logout: 1455712600142
ipAddress: 88.178.50.65
lastlocation:
  world: world
  x: 1.5
  y: 191.0
  z: 0.5
  yaw: 0.0
  pitch: 0.0
logoutlocation:
  world: world
  x: -0.9133177710076368
  y: 189.0
  z: 13.377813780905367
  yaw: -348.7831
  pitch: 5.6295967
