timestamps:
  login: 1455138726545
  lastteleport: 1455138770499
  kits:
    bouffe: 1455138779362
    octonien: 1455138775358
  logout: 1455138793666
ipAddress: 84.5.95.114
lastlocation:
  world: world
  x: 15.335928708651803
  y: 189.0
  z: -14.71504546193172
  yaw: -113.69043
  pitch: 26.54999
logoutlocation:
  world: world
  x: 2558.4742677022414
  y: 11.0
  z: -2380.9028343857417
  yaw: -3.4497375
  pitch: 6.600053
