timestamps:
  login: 1455538612986
  kits:
    octonien: 1455538013001
  logout: 1455539001408
  lastteleport: 1455120654397
ipAddress: 92.144.207.47
lastlocation:
  world: world
  x: -1.2610271569352085
  y: 177.0
  z: -0.3015867634278394
  yaw: -77.3905
  pitch: -61.35002
logoutlocation:
  world: world
  x: -9.178759408429121
  y: 187.0
  z: 18.916941465781026
  yaw: -162.45248
  pitch: 15.599987
