uuid: 7180bec9-64d3-3d9c-af7e-bb0bd2c2b670
timestamps:
  login: 1456265717713
  logout: 1456266242550
ipAddress: 88.180.169.51
lastlocation:
  world: world
  x: -4.5
  y: 189.0
  z: -4.5
  yaw: 0.0
  pitch: 0.0
logoutlocation:
  world: world
  x: -55.34710288785005
  y: 26.0
  z: -143.04326864152256
  yaw: -45.644714
  pitch: 5.2135334
