timestamps:
  login: 1455211526646
  logout: 1455213638469
  kits:
    bouffe: 1455034049385
    octonien: 1455033427534
    decouverte: 1455209913331
  lastteleport: 1455213328643
  lastheal: 1455020081612
ipAddress: 81.247.98.35
lastlocation:
  world: world
  x: 13.996597257809679
  y: 22.5
  z: -46.5822021889182
  yaw: 147.45886
  pitch: -89.1
logoutlocation:
  world: world
  x: 232.43855413184465
  y: 5.5
  z: 4310.928740183729
  yaw: 106.35009
  pitch: 40.500004
socialspy: false
homes:
  home:
    world: world
    x: -2565.829469028176
    y: 9.0
    z: 5114.698106305104
    yaw: 140.57127
    pitch: 8.849981
money: '235.0'
