socialspy: false
timestamps:
  login: 1456834068655
  kits:
    bouffe: 1456769250403
    octonien: 1456834245914
    decouverte: 1456762111429
  lastteleport: 1456834231830
  logout: 1456834362374
  lastheal: 1456772713194
ipAddress: 92.161.250.237
lastlocation:
  world: world
  x: -76.59308187800004
  y: 83.0
  z: 283.43141320648164
  yaw: -216.88683
  pitch: 61.65001
homes:
  home:
    world: world
    x: 8942.4505994428
    y: 28.0
    z: -3280.113056192205
    yaw: 278.09888
    pitch: 20.249794
logoutlocation:
  world: world
  x: 8942.739855831003
  y: 28.0
  z: -3280.237466637481
  yaw: 273.89795
  pitch: 47.549583
ignore:
- byayress_
money: '7582.5'
uuid: 4388905e-c90c-33a4-a8ac-209c60a2343d
