timestamps:
  login: 1456240415557
  kits:
    octonien: 1456240439523
  logout: 1456242680375
  lastteleport: 1456242627941
  mute: 1456245549105
ipAddress: 109.21.71.106
lastlocation:
  world: world
  x: -151.1581154212983
  y: 28.0
  z: -20.070441037352303
  yaw: -271.26926
  pitch: 10.280671
logoutlocation:
  world: world
  x: -0.14090013897333264
  y: 190.5
  z: 0.48611282218956364
  yaw: -270.64917
  pitch: 22.857735
uuid: fead8536-6763-36a6-8a2d-27a93f1bf425
muted: true
