timestamps:
  login: 1455112676238
  kits:
    octonien: 1455112726423
  lastteleport: 1455112787353
ipAddress: 82.67.232.1
lastlocation:
  world: world
  x: 21.198715934992563
  y: 22.5
  z: -12.635324670399452
  yaw: -133.7844
  pitch: 13.199983
