timestamps:
  login: 1455143802594
  kits:
    octonien: 1455143812313
  logout: 1455143834515
ipAddress: 89.80.50.169
lastlocation:
  world: world
  x: -7.5
  y: 187.0
  z: 6.5
  yaw: 0.0
  pitch: 0.0
logoutlocation:
  world: world
  x: 1.847916899511106
  y: 189.0
  z: -20.268292750113254
  yaw: -179.6903
  pitch: 6.149998
