uuid: 2b658d1f-fbcf-3d80-8234-0f9e3575bf57
timestamps:
  login: 1457202971838
  logout: 1457203538190
ipAddress: 86.213.40.176
lastlocation:
  world: world
  x: -0.5
  y: 207.0
  z: 0.5
  yaw: 0.0
  pitch: 0.0
logoutlocation:
  world: world
  x: 1304.1380510438987
  y: 7.0
  z: 1866.000311111698
  yaw: -308.95798
  pitch: 69.74999
