timestamps:
  login: 1455220269910
  kits:
    octonien: 1455220284763
  logout: 1455220689346
ipAddress: 92.157.184.176
lastlocation:
  world: world
  x: -4.5
  y: 180.0
  z: 3.5
  yaw: 0.0
  pitch: 0.0
logoutlocation:
  world: world
  x: -10.345898448780064
  y: 210.0
  z: -57.30282748822883
  yaw: -188.99048
  pitch: 49.34999
