timestamps:
  login: 1455039029597
  lastteleport: 1455039046502
  kits:
    bouffe: 1455039076821
    octonien: 1455039068737
  logout: 1455039079201
ipAddress: 90.16.44.41
lastlocation:
  world: world
  x: -0.5
  y: 190.5
  z: 0.5
  yaw: -181.19048
  pitch: 82.649994
logoutlocation:
  world: world
  x: -31.299167944939743
  y: 208.0
  z: 52.86510212535331
  yaw: 255.00952
  pitch: 34.35002
