timestamps:
  login: 1455187514163
  logout: 1455187652453
ipAddress: 66.131.207.161
lastlocation:
  world: world
  x: -5.5
  y: 205.0
  z: 0.5
  yaw: 0.0
  pitch: 0.0
logoutlocation:
  world: world
  x: -0.4080390486932266
  y: 189.0
  z: -3.5558998650048927
  yaw: -194.09056
  pitch: 88.35
