timestamps:
  login: 1454883967385
  logout: 1454884051141
ipAddress: 89.156.45.218
lastlocation:
  world: world
  x: 3.5
  y: 184.0
  z: 6.5
  yaw: 0.0
  pitch: 0.0
logoutlocation:
  world: world
  x: 10.379638847804316
  y: 23.5
  z: 0.5152070410926257
  yaw: -109.89166
  pitch: 20.265114
socialspy: false
