timestamps:
  login: 1455539079712
  kits:
    octonien: 1455539101469
  logout: 1455539789155
ipAddress: 77.128.148.213
lastlocation:
  world: world
  x: 4.5
  y: 185.0
  z: -2.5
  yaw: 0.0
  pitch: 0.0
logoutlocation:
  world: world
  x: 1736.0072471360395
  y: 67.0
  z: 1650.300000011921
  yaw: 109.04989
  pitch: 25.649992
