timestamps:
  login: 1457215029022
  kits:
    bouffe: 1457215036036
    octonien: 1457182522591
  lastteleport: 1457215115145
  logout: 1457215255960
  lastheal: 1456533377836
ipAddress: 91.182.240.20
lastlocation:
  world: world
  x: -6891.623297485647
  y: 2.0
  z: -6517.7902291821165
  yaw: 128.45067
  pitch: -25.500002
homes:
  home:
    world: world
    x: -6895.699999988079
    y: 5.0
    z: -6523.978575163428
    yaw: -85.14868
    pitch: 37.24073
logoutlocation:
  world: world
  x: -99.5789736594736
  y: 64.0
  z: 265.59286351896304
  yaw: -253.90152
  pitch: 9.597831
uuid: 4eafb192-9564-3f93-8540-782602003407
money: '1.5'
