timestamps:
  login: 1455391764371
  logout: 1455391848643
ipAddress: 92.152.203.81
lastlocation:
  world: world
  x: -5.5
  y: 185.0
  z: 5.5
  yaw: 0.0
  pitch: 0.0
logoutlocation:
  world: world
  x: 7.183601065025308
  y: 189.0
  z: -2.5512630437034094
  yaw: -8.9288645
  pitch: 39.074776
