timestamps:
  login: 1455305338769
  lastteleport: 1455305365527
  logout: 1455305998599
ipAddress: 83.79.254.14
lastlocation:
  world: world
  x: 0.5
  y: 190.5
  z: 0.5
  yaw: -181.36298
  pitch: 70.68065
logoutlocation:
  world: world
  x: -1049.300000011921
  y: 62.315600039720536
  z: -7295.699999988079
  yaw: -180.14606
  pitch: 59.249836
