timestamps:
  login: 1455469879660
  kits:
    octonien: 1455470001706
  lastteleport: 1455470120523
  logout: 1455471051231
ipAddress: 93.26.229.242
lastlocation:
  world: world
  x: 177.88144214184274
  y: 29.0
  z: 79.43127243580565
  yaw: 77.897675
  pitch: -51.300022
logoutlocation:
  world: world
  x: 27.699999988079075
  y: 187.0
  z: 15.442371087418312
  yaw: -134.26285
  pitch: 20.699984
