timestamps:
  login: 1455707977443
  kits:
    octonien: 1455708034109
  logout: 1455708099664
ipAddress: 88.165.20.245
lastlocation:
  world: world
  x: -10.5
  y: 189.0
  z: 7.5
  yaw: 0.0
  pitch: 0.0
logoutlocation:
  world: world
  x: -0.1171770091306238
  y: 190.5
  z: 0.7039789129742813
  yaw: -356.58307
  pitch: 7.579597
