timestamps:
  login: 1455535200730
  kits:
    octonien: 1455535209621
  logout: 1455535247048
ipAddress: 81.53.144.154
lastlocation:
  world: world
  x: -6.5
  y: 187.0
  z: 7.5
  yaw: 0.0
  pitch: 0.0
logoutlocation:
  world: world
  x: 0.2082186541421538
  y: 189.0
  z: -10.987760098317164
  yaw: 187.65663
  pitch: 30.149994
