timestamps:
  login: 1454971516763
  kits:
    octonien: 1454970853614
  logout: 1454972290642
  lastteleport: 1454972162392
ipAddress: 91.68.174.183
lastlocation:
  world: world
  x: -190.47800373747464
  y: 65.0
  z: 1195.5236857493205
  yaw: 257.55804
  pitch: 71.54999
logoutlocation:
  world: world
  x: -0.3285377861359118
  y: 177.0
  z: -2.590900912496158
  yaw: 295.8095
  pitch: 55.650005
