uuid: 3bd82b5c-9829-3439-a7ff-11db80701ce8
timestamps:
  login: 1457218607136
  kits:
    octonien: 1457218626272
  logout: 1457219216265
ipAddress: 83.204.252.227
lastlocation:
  world: world
  x: -2.5
  y: 189.0
  z: -3.5
  yaw: 0.0
  pitch: 0.0
logoutlocation:
  world: world
  x: 2.2077237768359335
  y: 189.0
  z: 9.508878986227566
  yaw: -156.28412
  pitch: 26.82644
