uuid: 1368a9ce-23c4-3a05-8f85-294ac542646a
timestamps:
  login: 1457287248791
  kits:
    bouffe: 1457287284407
    octonien: 1457287268716
  mute: 1457288071447
  logout: 1457287678542
ipAddress: 92.132.97.104
lastlocation:
  world: world
  x: 3.5
  y: 178.0
  z: -3.5
  yaw: 0.0
  pitch: 0.0
muted: true
homes:
  home:
    world: world
    x: 85.0160918620097
    y: 78.0
    z: 471.3277661597905
    yaw: 19.582197
    pitch: 12.749985
logoutlocation:
  world: world
  x: 84.10029636878802
  y: 79.0
  z: 473.9204695792994
  yaw: 19.132198
  pitch: 12.149985
