uuid: 80271b72-d12d-3c55-a922-9fdfe83197df
timestamps:
  login: 1457298048515
  lastteleport: 1457299586617
  kits:
    bouffe: 1457298214639
    octonien: 1457298222038
ipAddress: 92.153.99.69
lastlocation:
  world: world
  x: -2764.772518461279
  y: 70.0
  z: -1737.9979077456119
  yaw: -76.949844
  pitch: 14.400015
