socialspy: false
timestamps:
  login: 1454872034544
  kits:
    bouffe: 1454859723683
    octonien: 1454872092549
  lastteleport: 1454872615954
  logout: 1454872723617
ipAddress: 85.69.163.240
lastlocation:
  world: world
  x: 92.3809547893477
  y: 49.0
  z: -383.30000001192093
  yaw: 182.24678
  pitch: -8.85
homes:
  home:
    world: world
    x: 104.54867458312995
    y: 77.0
    z: -390.8761567792303
    yaw: 175.04749
    pitch: 26.249983
logoutlocation:
  world: world
  x: 102.98155482604182
  y: 78.0
  z: -390.0864418612015
  yaw: -207.15253
  pitch: 23.40006
ignore:
- berealdaoud
- zenox84000
