uuid: 86f4a8f0-6801-31e0-b351-48f4d86000af
timestamps:
  login: 1457211089294
  logout: 1457211450735
ipAddress: 82.230.48.93
lastlocation:
  world: world
  x: -2.5
  y: 189.0
  z: -4.5
  yaw: 0.0
  pitch: 0.0
logoutlocation:
  world: world
  x: -0.6789039490377876
  y: 190.0
  z: -1.8773532240885604
  yaw: 18.349037
  pitch: 22.947823
