timestamps:
  login: 1457266657222
  kits:
    bouffe: 1457020714588
    heros: 1457094094432
    octonien: 1457044186113
    chevalier: 1457093494006
    decouverte: 1457093306135
    legendaire: 1457093322635
    alchimiste: 1457095028322
  logout: 1457266765673
  lastteleport: 1457266764160
  lastheal: 1457094541422
  mute: 0
ipAddress: 83.201.116.175
lastlocation:
  world: world
  x: 1072.7710946633708
  y: 154.0
  z: -9767.63980969668
  yaw: -269.47815
  pitch: -1.447163
homes:
  pedale:
    world: world
    x: -121.19357615618469
    y: 64.0
    z: 251.26698428561113
    yaw: 281.96326
    pitch: 4.8000336
  pillage:
    world: world
    x: -288.09031968601505
    y: 64.5
    z: 183.34328350170387
    yaw: -74.92965
    pitch: 14.529319
  sky:
    world: world
    x: 775.5
    y: 253.875
    z: -9676.5
    yaw: -186.28516
    pitch: 60.701714
  xp:
    world: world
    x: 1075.141541653231
    y: 152.5
    z: -9781.626775520312
    yaw: -222.1693
    pitch: 21.900034
logoutlocation:
  world: world
  x: -0.5
  y: 189.0
  z: 8.5
  yaw: 120.86626
  pitch: -90.0
money: '650.5'
uuid: 4447f6dc-0066-31c9-a1ec-c9f15ba6d359
muted: false
