timestamps:
  login: 1456685765111
  logout: 1456686044701
ipAddress: 86.69.124.207
lastlocation:
  world: world
  x: -4.5
  y: 188.0
  z: 7.5
  yaw: 0.0
  pitch: 0.0
logoutlocation:
  world: world
  x: -0.04729567000200785
  y: 189.0
  z: -15.390344049872805
  yaw: -179.85988
  pitch: 16.762775
uuid: 8f7d79a2-4640-3776-a8a5-51f2e750d959
