timestamps:
  login: 1455121916494
  kits:
    octonien: 1455122043056
  logout: 1455124546487
ipAddress: 78.246.105.57
lastlocation:
  world: world
  x: 0.5
  y: 189.0
  z: 8.5
  yaw: 0.0
  pitch: 0.0
logoutlocation:
  world: world
  x: -0.4070754828316015
  y: 191.24918707874468
  z: -1.3954551095323255
  yaw: -264.4405
  pitch: 43.5
