timestamps:
  login: 1455457959200
  logout: 1455458069793
ipAddress: 82.241.165.215
lastlocation:
  world: world
  x: 0.5
  y: 190.0
  z: -2.5
  yaw: 0.0
  pitch: 0.0
logoutlocation:
  world: world
  x: 27.768562848314907
  y: 193.0
  z: 37.365370022270284
  yaw: -358.6627
  pitch: 38.730606
