uuid: b4d76033-5c2a-394d-bcec-a6f28c578925
timestamps:
  login: 1456342809381
  kits:
    octonien: 1456339703363
  lastteleport: 1456343384079
  logout: 1456343633738
ipAddress: 92.158.116.18
lastlocation:
  world: world
  x: -0.14090013897333264
  y: 190.5
  z: 0.48611282218956364
  yaw: -323.29904
  pitch: 19.40774
homes:
  home:
    world: world
    x: 2475.762499988079
    y: 10.0
    z: -1449.3895491678252
    yaw: 130.23279
    pitch: 19.949993
logoutlocation:
  world: world
  x: 9500.737917063292
  y: 48.0
  z: 2830.6389494400987
  yaw: 0.58631736
  pitch: -75.14999
