timestamps:
  login: 1454952232773
  kits:
    octonien: 1454952294588
  lastteleport: 1454953032114
  logout: 1454953111038
ipAddress: 87.88.180.87
lastlocation:
  world: world
  x: 434.31437204918774
  y: 65.0
  z: -276.6459131182292
  yaw: -100.13721
  pitch: 49.950043
logoutlocation:
  world: world
  x: -29.98151254499077
  y: 196.0
  z: -47.393530483935656
  yaw: 85.65936
  pitch: 36.449844
