timestamps:
  login: 1455138318656
  kits:
    bouffe: 1455138379296
    octonien: 1455138385281
  logout: 1455138445051
ipAddress: 83.204.126.2
lastlocation:
  world: world
  x: 6.5
  y: 187.0
  z: -3.5
  yaw: 0.0
  pitch: 0.0
logoutlocation:
  world: world
  x: -14.313328360248297
  y: 189.0
  z: 5.105371613102072
  yaw: -136.64053
  pitch: 27.150013
