socialspy: false
timestamps:
  login: 1457263882907
  kits:
    bouffe: 1455451389349
    octonien: 1457199847091
  lastteleport: 1457264696335
  logout: 1457264845202
  lastheal: 1457264453266
ipAddress: 86.196.67.145
lastlocation:
  world: world
  x: 0.47905412688851357
  y: 190.5
  z: 1.5717703672854204
  yaw: -0.55096436
  pitch: -9.602178
homes:
  home:
    world: world
    x: -7300.7547086076975
    y: 23.0
    z: 5571.447857457007
    yaw: -18.394327
    pitch: 19.719378
logoutlocation:
  world: world
  x: -5204.300000011921
  y: 63.0
  z: 7925.970801087801
  yaw: -87.69
  pitch: 9.174095
money: '5.50'
uuid: 057ff517-b9c9-3645-9280-c5ae5b450604
