timestamps:
  login: 1455282087743
  kits:
    bouffe: 1455282093546
    octonien: 1455282098714
  lastteleport: 1455282134976
  logout: 1455282148631
ipAddress: 82.125.153.57
lastlocation:
  world: world
  x: -0.8878571423067554
  y: 190.5
  z: -0.7399101999794385
  yaw: -196.64047
  pitch: 33.299984
logoutlocation:
  world: world
  x: 2239.4097118096042
  y: 63.0
  z: 1878.309810201889
  yaw: -13.188965
  pitch: 47.43655
