timestamps:
  login: 1455711481626
  kits:
    octonien: 1455711574966
  logout: 1455711952397
ipAddress: 90.6.43.156
lastlocation:
  world: world
  x: -10.5
  y: 189.0
  z: 1.5
  yaw: 0.0
  pitch: 0.0
logoutlocation:
  world: world
  x: -437.1465452103256
  y: 70.0
  z: -457.8063509758917
  yaw: -234.94916
  pitch: 8.0355215
