timestamps:
  login: 1456603376543
  kits:
    octonien: 1456603591403
  lastteleport: 1456603458624
  logout: 1456603790892
  mute: 1456607326664
ipAddress: 78.127.193.249
lastlocation:
  world: world
  x: -1.2198166763222502
  y: 190.5
  z: 1.4597105230130052
  yaw: -201.07556
  pitch: 30.07716
uuid: f38b6bab-839a-3682-a5c9-ee381faf9e8d
muted: true
logoutlocation:
  world: world
  x: 0.10505268595311194
  y: 190.0
  z: 2.809565359049289
  yaw: -4.832794
  pitch: 12.422632
