uuid: 4631505e-6ed2-31f0-a778-66ce9b04610b
timestamps:
  login: 1456161028837
  kits:
    bouffe: 1456072429072
    octonien: 1456072732137
  lastteleport: 1456072556069
  logout: 1456162878307
ipAddress: 79.86.70.13
lastlocation:
  world: world
  x: -24.879170396859905
  y: 205.0
  z: 59.57347466116518
  yaw: -112.849304
  pitch: 11.6077385
logoutlocation:
  world: world
  x: 113.35586847672955
  y: 11.0
  z: -2796.471620031863
  yaw: 274.29993
  pitch: 13.049912
