uuid: c8ba0390-50fa-3598-b8c4-ee959c1a97d0
timestamps:
  login: 1457271336695
  logout: 1457271897007
ipAddress: 82.247.198.154
lastlocation:
  world: world
  x: 3.5
  y: 190.0
  z: 0.5
  yaw: 0.0
  pitch: 0.0
logoutlocation:
  world: world
  x: 17.045858480148325
  y: 22.5
  z: -43.138428162944955
  yaw: 28.849365
  pitch: 2.1000261
