timestamps:
  login: 1455448819458
  kits:
    bouffe: 1455379272068
    octonien: 1455379118256
  lastteleport: 1455448885115
  logout: 1455449187915
ipAddress: 92.160.87.153
lastlocation:
  world: world
  x: -1373.2759946170656
  y: 251.875
  z: -1180.8355957524263
  yaw: 347.09946
  pitch: 78.00001
homes:
  home:
    world: world
    x: -1373.9371444743283
    y: 251.875
    z: -1179.535965625799
    yaw: 88.19946
    pitch: 89.7
money: '133.0'
logoutlocation:
  world: world
  x: 0.5
  y: 190.5
  z: 0.5
  yaw: -174.013
  pitch: 72.03065
