timestamps:
  login: 1455359634685
  kits:
    bouffe: 1455359840192
    octonien: 1455359750784
  logout: 1455360001280
ipAddress: 90.0.154.98
lastlocation:
  world: world
  x: 9.5
  y: 189.0
  z: 3.5
  yaw: 0.0
  pitch: 0.0
logoutlocation:
  world: world
  x: 18.180140864693087
  y: 189.0
  z: 1.0508556836081704
  yaw: -264.698
  pitch: -23.320946
