timestamps:
  login: 1455114922676
  kits:
    bouffe: 1455115051946
    octonien: 1455114970299
  logout: 1455115839907
ipAddress: 86.221.5.130
lastlocation:
  world: world
  x: 3.5
  y: 186.0
  z: 5.5
  yaw: 0.0
  pitch: 0.0
logoutlocation:
  world: world
  x: 98.97396030322508
  y: 90.0
  z: -336.29061854002066
  yaw: -275.53943
  pitch: 30.150017
