timestamps:
  login: 1455579006767
  logout: 1455579342762
ipAddress: 74.58.193.12
lastlocation:
  world: world
  x: -7.5
  y: 189.0
  z: 0.5
  yaw: 0.0
  pitch: 0.0
logoutlocation:
  world: world
  x: -8.300000011920927
  y: 167.0
  z: 1.9208799418800968
  yaw: 116.38713
  pitch: 31.380648
