uuid: 51c2d163-9711-35aa-9f1e-3ddbdd19871f
timestamps:
  login: 1456229183338
  logout: 1456229251792
ipAddress: 90.79.103.69
lastlocation:
  world: world
  x: -1.5
  y: 190.0
  z: 2.5
  yaw: 0.0
  pitch: 0.0
logoutlocation:
  world: world
  x: -1.0236476741027265
  y: 190.5
  z: 1.506405200457317
  yaw: -198.3493
  pitch: 15.957728
