timestamps:
  login: 1455474216015
  lastteleport: 1455474350052
  logout: 1455474557447
ipAddress: 85.1.168.232
lastlocation:
  world: world
  x: -0.5418667138129271
  y: 190.5
  z: -0.5771715965376012
  yaw: -229.06297
  pitch: 83.58064
logoutlocation:
  world: world
  x: -6324.699999988079
  y: 70.0
  z: -5706.985844300161
  yaw: 295.60382
  pitch: 27.450031
