timestamps:
  login: 1455667526112
  logout: 1455667555429
ipAddress: 85.7.32.9
lastlocation:
  world: world
  x: 4.5
  y: 189.0
  z: -0.5
  yaw: 0.0
  pitch: 0.0
logoutlocation:
  world: world
  x: 8.865046253192979
  y: 189.0
  z: -9.91734897059891
  yaw: -113.13309
  pitch: 6.829594
