timestamps:
  login: 1455041807660
  logout: 1455041822424
ipAddress: 88.219.102.210
lastlocation:
  world: world
  x: 8.5
  y: 189.0
  z: 3.5
  yaw: 0.0
  pitch: 0.0
logoutlocation:
  world: world
  x: -0.19973029325064745
  y: 190.5
  z: 0.2028318878424467
  yaw: -127.49051
  pitch: 25.950005
