timestamps:
  login: 1454953173577
  kits:
    bouffe: 1454953252889
    octonien: 1454953242144
  logout: 1454953257591
ipAddress: 88.127.184.107
lastlocation:
  world: world
  x: 0.5
  y: 191.0
  z: 0.5
  yaw: 0.0
  pitch: 0.0
logoutlocation:
  world: world
  x: 30.478046248224743
  y: 188.0
  z: -19.27886354406034
  yaw: 253.50134
  pitch: 43.143063
