timestamps:
  login: 1455368034882
  lastteleport: 1455368433146
  kits:
    octonien: 1455368373319
  logout: 1455368799492
ipAddress: 90.57.12.166
lastlocation:
  world: world
  x: -1.3570024952920534
  y: 190.5
  z: -0.14457338780801926
  yaw: -220.81297
  pitch: 43.98065
logoutlocation:
  world: world
  x: -0.2131738498217844
  y: 190.5
  z: 1.6484412986548571
  yaw: -286.24664
  pitch: 11.861042
