timestamps:
  login: 1455439882086
  lastteleport: 1455439916767
  logout: 1455440008623
ipAddress: 178.194.191.19
lastlocation:
  world: world
  x: 0.9285088019693484
  y: 189.0
  z: -15.347230252134011
  yaw: -339.29227
  pitch: 0.3339694
logoutlocation:
  world: world
  x: -3496.389864676311
  y: 4.0
  z: 1468.9665804779706
  yaw: 209.64793
  pitch: 12.438294
