uuid: 9aa957f3-d73c-3670-b109-4e48ffc140ce
timestamps:
  login: 1457223184368
  kits:
    bouffe: 1457222678164
    octonien: 1457222657283
  logout: 1457223812317
ipAddress: 89.94.242.250
lastlocation:
  world: world
  x: -1.5
  y: 189.0
  z: -4.5
  yaw: 0.0
  pitch: 0.0
logoutlocation:
  world: world
  x: -1387.7608825224195
  y: 37.0
  z: -1681.757143405168
  yaw: -330.58868
  pitch: 42.149998
