timestamps:
  login: 1454945148432
  kits:
    bouffe: 1454945257206
    octonien: 1454945202100
  logout: 1454945318747
ipAddress: 41.250.77.226
lastlocation:
  world: world
  x: -3.5
  y: 189.0
  z: -8.5
  yaw: 0.0
  pitch: 0.0
logoutlocation:
  world: world
  x: 6.1735012162031575
  y: 172.0
  z: 2.1864330577621107
  yaw: -122.99054
  pitch: 17.849874
