uuid: 36fcee94-3918-3141-9e54-9822421d185e
timestamps:
  login: 1456065505872
  kits:
    bouffe: 1456065564002
    octonien: 1456065549107
  lastteleport: 1456066470811
  logout: 1456066688354
ipAddress: 83.112.35.92
lastlocation:
  world: world
  x: -4.556620266215555
  y: 70.0
  z: 658.7801019617369
  yaw: 7.5917892
  pitch: 21.71218
homes:
  home:
    world: world
    x: -4.496404635854969
    y: 71.0
    z: 657.9785820252099
    yaw: 7.5917892
    pitch: 21.71218
logoutlocation:
  world: world
  x: -0.14090013897333262
  y: 190.5
  z: 0.48611282218956364
  yaw: -270.64917
  pitch: 22.857735
