timestamps:
  login: 1455531930243
  logout: 1455531947398
ipAddress: 79.83.254.182
lastlocation:
  world: world
  x: 6.5
  y: 189.0
  z: -2.5
  yaw: 0.0
  pitch: 0.0
logoutlocation:
  world: world
  x: -3.837455898508745
  y: 189.5
  z: 0.6948463009459366
  yaw: -255.01299
  pitch: 8.8806505
