uuid: 0fdbfbe5-0e19-361a-8864-5f8bda118138
timestamps:
  login: 1457185379194
  logout: 1457187052143
ipAddress: 92.161.21.174
lastlocation:
  world: world
  x: -1.5
  y: 190.0
  z: -2.5
  yaw: 0.0
  pitch: 0.0
logoutlocation:
  world: world
  x: 8.988046956102693
  y: 187.0
  z: -55.06847161120885
  yaw: -115.78613
  pitch: 33.20109
