uuid: c315471a-3fdb-31f5-8571-ff61fbb175c4
timestamps:
  login: 1455804871458
  logout: 1455805056241
ipAddress: 90.104.45.174
lastlocation:
  world: world
  x: -4.5
  y: 185.0
  z: 5.5
  yaw: 0.0
  pitch: 0.0
logoutlocation:
  world: world
  x: -0.1171770091306238
  y: 190.5
  z: 0.7039789129742813
  yaw: -358.83307
  pitch: 2.9295971
