timestamps:
  login: 1455033359425
  kits:
    bouffe: 1455033668795
    octonien: 1455033641717
  lastteleport: 1455034774793
  logout: 1455034552185
ipAddress: 90.19.72.11
lastlocation:
  world: world
  x: -158.43949777761134
  y: 62.0
  z: 561.1661030941184
  yaw: -212.34717
  pitch: 20.893185
