timestamps:
  login: 1455103454565
  kits:
    octonien: 1455103506762
  logout: 1455103885098
ipAddress: 90.6.241.79
lastlocation:
  world: world
  x: -2.5
  y: 189.0
  z: -3.5
  yaw: 0.0
  pitch: 0.0
logoutlocation:
  world: world
  x: 410.6642941402833
  y: 64.0
  z: 262.22995706522
  yaw: -25.868164
  pitch: 13.335773
