timestamps:
  login: 1455556410070
  logout: 1455556473283
ipAddress: 92.158.200.212
lastlocation:
  world: world
  x: -0.5
  y: 190.0
  z: 3.5
  yaw: 0.0
  pitch: 0.0
logoutlocation:
  world: world
  x: 0.5556778454826752
  y: 188.0
  z: 35.07459107021084
  yaw: -351.81845
  pitch: 18.84288
