uuid: 075a0945-341d-3b49-85ca-7e0046a3e448
timestamps:
  login: 1456675691304
  lastteleport: 1456675975003
  logout: 1456676293647
ipAddress: 105.155.198.240
lastlocation:
  world: world
  x: 2651.179806044744
  y: 6.0
  z: -3514.1441511022313
  yaw: -318.3035
  pitch: 28.350042
logoutlocation:
  world: world
  x: 559.3000000119209
  y: 61.0
  z: -5246.300000011921
  yaw: 104.394905
  pitch: 55.33345
homes:
  home:
    world: world
    x: 559.5
    y: 64.0
    z: -5247.5
    yaw: 0.0
    pitch: 0.0
