timestamps:
  login: 1455303202410
  logout: 1455303244753
ipAddress: 93.11.65.89
lastlocation:
  world: world
  x: 7.5
  y: 189.0
  z: -0.5
  yaw: 0.0
  pitch: 0.0
logoutlocation:
  world: world
  x: 11.427311332329229
  y: 189.0
  z: -18.860115690541704
  yaw: -129.76299
  pitch: 23.130646
