timestamps:
  login: 1455410526350
  logout: 1455410536355
ipAddress: 24.225.149.232
lastlocation:
  world: world
  x: -2.5
  y: 189.0
  z: -9.5
  yaw: 0.0
  pitch: 0.0
logoutlocation:
  world: world
  x: -1.5382197420668973
  y: 190.5
  z: -0.07511986718226403
  yaw: -42.912903
  pitch: 17.430655
