uuid: eb535b29-0a6d-3a4f-8b41-55970ce3f96c
timestamps:
  login: 1456867060437
  logout: 1456867587808
ipAddress: 86.67.126.78
lastlocation:
  world: world
  x: 1.5
  y: 190.0
  z: -1.5
  yaw: 0.0
  pitch: 0.0
logoutlocation:
  world: world
  x: -141.81421408633278
  y: 29.0
  z: 198.95353815656281
  yaw: -18.550007
  pitch: 16.199993
