uuid: ed710587-45b1-3c81-b2ce-809726c13747
timestamps:
  login: 1457261209832
  logout: 1457263642861
  kits:
    octonien: 1457261224791
  lastteleport: 1457261458509
ipAddress: 81.49.192.180
lastlocation:
  world: world
  x: 2619.6135778672633
  y: 69.0
  z: 902.5878294094473
  yaw: -129.91968
  pitch: 1.650061
