socialspy: false
timestamps:
  login: 1457291560629
  logout: 1457295730429
  kits:
    bouffe: 1457292221348
    octonien: 1457288242304
    decouverte: 1455660114485
  lastteleport: 1457295225833
  lastheal: 1457294955022
  mute: 0
ipAddress: 80.236.44.3
lastlocation:
  world: world
  x: -2318.0238135754967
  y: 117.0
  z: -4162.941331435662
  yaw: 203.22208
  pitch: 36.808826
logoutlocation:
  world: world
  x: -7304.365413341586
  y: 51.0
  z: 5537.476768172771
  yaw: 158.00487
  pitch: -90.0
homes:
  home:
    world: world
    x: -7292.575995459991
    y: 23.0
    z: 5572.508429998214
    yaw: 25.104893
    pitch: 21.450006
muted: false
money: '415.0'
uuid: c132b566-2ac2-3bca-a038-ff1a7b4b3b4a
