timestamps:
  login: 1455718673676
  logout: 1455718711307
ipAddress: 88.180.17.185
lastlocation:
  world: world
  x: -6.5
  y: 187.0
  z: -2.5
  yaw: 0.0
  pitch: 0.0
logoutlocation:
  world: world
  x: -0.5
  y: 190.5
  z: 0.5
  yaw: -358.23306
  pitch: 6.829597
