uuid: 9b4733ea-a900-3d41-b37a-3322f5e878d8
timestamps:
  login: 1457042376348
  logout: 1457042488572
ipAddress: 89.92.95.163
lastlocation:
  world: world
  x: -1.5
  y: 189.0
  z: -3.5
  yaw: 0.0
  pitch: 0.0
logoutlocation:
  world: world
  x: 0.5677413969533518
  y: 190.5
  z: 1.0290661085270634
  yaw: -280.151
  pitch: 57.447823
