timestamps:
  login: 1455569193347
  kits:
    bouffe: 1455569294118
    octonien: 1455569210231
  logout: 1455569371820
ipAddress: 81.51.254.22
lastlocation:
  world: world
  x: -4.5
  y: 189.0
  z: -8.5
  yaw: 0.0
  pitch: 0.0
logoutlocation:
  world: world
  x: -22.601026041013114
  y: 188.0
  z: -20.15411848426736
  yaw: -63.012848
  pitch: 18.030718
