timestamps:
  login: 1455226553604
  kits:
    octonien: 1455154007643
  logout: 1455227521462
  lastteleport: 1455165073551
ipAddress: 109.203.251.246
lastlocation:
  world: world
  x: -3.786937162556372
  y: 179.0
  z: -1.6999999880790613
  yaw: -171.38208
  pitch: -5.550001
logoutlocation:
  world: world
  x: 14.83633658813915
  y: 189.0
  z: -1.903098644656525
  yaw: 84.75858
  pitch: 31.650002
