uuid: eb9dd58b-34ca-3b90-a1d3-8e4e554dfcad
timestamps:
  login: 1455920137366
  logout: 1455921115174
ipAddress: 78.209.71.119
lastlocation:
  world: world
  x: 5.5
  y: 187.0
  z: -5.5
  yaw: 0.0
  pitch: 0.0
logoutlocation:
  world: world
  x: 58.57424354891191
  y: 64.0
  z: 244.05309061985628
  yaw: -33.034058
  pitch: 4.2000113
