timestamps:
  login: 1455411097211
  logout: 1455411111412
ipAddress: 91.178.175.127
lastlocation:
  world: world
  x: -0.5
  y: 189.0
  z: 8.5
  yaw: 0.0
  pitch: 0.0
logoutlocation:
  world: world
  x: 0.4660255368798971
  y: 190.5
  z: -0.777907239095133
  yaw: -183.31297
  pitch: 71.130646
