timestamps:
  login: 1455363474867
  logout: 1455363485449
ipAddress: 88.163.39.99
lastlocation:
  world: world
  x: 5.5
  y: 189.0
  z: -0.5
  yaw: 0.0
  pitch: 0.0
logoutlocation:
  world: world
  x: -5.446909595483546
  y: 189.0
  z: 1.128565880524778
  yaw: -254.11298
  pitch: 18.300009
