uuid: 767e37b4-059c-3a5b-8775-72a90bdcff95
timestamps:
  login: 1457104055583
  logout: 1457104077200
ipAddress: 109.221.60.7
lastlocation:
  world: world
  x: 4.5
  y: 189.0
  z: -0.5
  yaw: 0.0
  pitch: 0.0
logoutlocation:
  world: world
  x: 1984.5794590550827
  y: 72.0
  z: -1535.8105360675772
  yaw: 208.75032
  pitch: 19.155394
