socialspy: false
timestamps:
  login: 1454794948347
  kits:
    octonien: 1454795021351
  logout: 1454795087729
ipAddress: 92.130.3.250
lastlocation:
  world: world
  x: -0.05640325665323345
  y: 191.0
  z: 0.06084168811078994
  yaw: -178.79053
  pitch: 16.049873
logoutlocation:
  world: world
  x: -16.603238004582522
  y: 187.0
  z: 68.66375303253861
  yaw: -267.3506
  pitch: 19.814302
