timestamps:
  login: 1455310041420
  lastteleport: 1455310718590
  logout: 1455311198477
ipAddress: 96.20.116.94
lastlocation:
  world: world
  x: 1312.300000011921
  y: 80.0
  z: 1425.2921132559957
  yaw: -188.84969
  pitch: 21.44999
logoutlocation:
  world: world
  x: 1.1525405644066862
  y: 190.0
  z: -2.2682843397420265
  yaw: 12.587123
  pitch: 23.580643
