timestamps:
  login: 1455213120852
  kits:
    octonien: 1455139101460
  lastteleport: 1455140501484
  logout: 1455213425438
ipAddress: 95.182.186.132
lastlocation:
  world: world
  x: -7.737944919879096
  y: 22.5
  z: -11.662197911829402
  yaw: -38.41803
  pitch: 8.477797
logoutlocation:
  world: world
  x: 5883.517039106761
  y: 8.0
  z: -797.9039725305967
  yaw: -324.0469
  pitch: 19.175062
