timestamps:
  login: 1454949921279
  kits:
    octonien: 1454949957225
  logout: 1454950219039
ipAddress: 92.155.70.235
lastlocation:
  world: world
  x: 4.5
  y: 184.0
  z: -2.5
  yaw: 0.0
  pitch: 0.0
logoutlocation:
  world: world
  x: 0.27004457539708127
  y: 190.5
  z: -1.4217239542937945
  yaw: -151.94058
  pitch: 33.14987
