timestamps:
  login: 1455370703228
  logout: 1455370819935
ipAddress: 109.89.114.48
lastlocation:
  world: world
  x: 2.5
  y: 189.0
  z: -7.5
  yaw: 0.0
  pitch: 0.0
logoutlocation:
  world: world
  x: 18.166993830613272
  y: 192.24918707874468
  z: -17.544188838930427
  yaw: -277.963
  pitch: 34.53065
