uuid: 81d2e24f-82b7-3c49-99b6-9b188221fa31
timestamps:
  login: 1457285008520
  kits:
    bouffe: 1456490024099
    octonien: 1456489554829
  logout: 1457285048215
  lastteleport: 1457134360952
ipAddress: 88.188.58.198
lastlocation:
  world: world
  x: -75.29870755776486
  y: 63.0
  z: -1026.876699463302
  yaw: 168.21815
  pitch: -4.7865677
logoutlocation:
  world: world
  x: 2.6178656985929534
  y: 191.0
  z: -1.7643522936461653
  yaw: -7.203234
  pitch: 90.0
homes: {}
