uuid: dbcba3a8-e9de-385a-a793-15ba346bed26
timestamps:
  login: 1456909259210
  logout: 1456909285825
ipAddress: 90.58.135.97
lastlocation:
  world: world
  x: -2.5
  y: 190.0
  z: 1.5
  yaw: 0.0
  pitch: 0.0
logoutlocation:
  world: world
  x: 14.430158912246617
  y: 189.0
  z: -13.710775099925183
  yaw: -301.45068
  pitch: 5.3978314
