socialspy: false
timestamps:
  login: 1454859196194
  kits:
    bouffe: 1454857475245
    octonien: 1454850035814
  logout: 1454860626427
  lastteleport: 1454859860668
ipAddress: 85.69.60.180
lastlocation:
  world: world
  x: 92.73977082841644
  y: 73.0
  z: -388.7919846140488
  yaw: -11.091482
  pitch: 32.399986
logoutlocation:
  world: world
  x: 89.39741615634969
  y: 46.0
  z: -388.3693814369732
  yaw: -104.240715
  pitch: 16.350035
homes:
  home:
    world: world
    x: 103.49079831058275
    y: 78.0
    z: -389.1945391784187
    yaw: -3.8918152
    pitch: 19.949984
ignore:
- zenox
- berealdaoud
