timestamps:
  login: 1455480902295
  kits:
    octonien: 1455481005165
  logout: 1455481168718
ipAddress: 78.216.50.102
lastlocation:
  world: world
  x: -1.5
  y: 191.0
  z: -0.5
  yaw: 0.0
  pitch: 0.0
logoutlocation:
  world: world
  x: -1.7755622039082508
  y: 188.0
  z: 25.321090914307057
  yaw: -1.4289856
  pitch: 7.579049
