timestamps:
  login: 1455732412864
  logout: 1455732441335
ipAddress: 86.195.30.156
lastlocation:
  world: world
  x: -6.5
  y: 189.0
  z: -9.5
  yaw: 0.0
  pitch: 0.0
logoutlocation:
  world: world
  x: 19.37960476225622
  y: 189.0
  z: -4.571873640756143
  yaw: -146.2829
  pitch: 6.2296004
