timestamps:
  login: 1455104048578
  kits:
    octonien: 1455103913300
  logout: 1455104373343
ipAddress: 85.201.230.86
lastlocation:
  world: world
  x: -7.5
  y: 189.0
  z: 7.5
  yaw: 0.0
  pitch: 0.0
logoutlocation:
  world: world
  x: 10.653157815709102
  y: 22.5
  z: -35.04724030127102
  yaw: -47.413387
  pitch: -38.94828
