timestamps:
  login: 1455291580447
  logout: 1455291736594
ipAddress: 82.121.82.169
lastlocation:
  world: world
  x: -5.5
  y: 189.0
  z: -7.5
  yaw: 0.0
  pitch: 0.0
logoutlocation:
  world: world
  x: -0.28812173120383056
  y: 189.0
  z: -11.187886072572468
  yaw: -183.3192
  pitch: 4.436155
