timestamps:
  login: 1455539861721
  kits:
    bouffe: 1455540227490
    octonien: 1455539899875
  logout: 1455542137290
ipAddress: 82.66.161.204
lastlocation:
  world: world
  x: -2.5
  y: 191.0
  z: -1.5
  yaw: 0.0
  pitch: 0.0
logoutlocation:
  world: world
  x: 7.226994256433982
  y: 189.0
  z: -21.14232574458181
  yaw: -17.266617
  pitch: 4.1999183
