timestamps:
  login: 1455467609423
  kits:
    octonien: 1455467626984
  lastteleport: 1455468292757
  logout: 1455468433084
ipAddress: 89.2.45.41
lastlocation:
  world: world
  x: -309.30000001192093
  y: 71.0
  z: 1201.390330105287
  yaw: -114.32074
  pitch: 28.1796
logoutlocation:
  world: world
  x: 0.13290549874023327
  y: 190.5
  z: 0.6625334700997322
  yaw: -181.0554
  pitch: 68.835266
