uuid: f6477af6-7388-3900-b11c-0b4b28dda188
timestamps:
  login: 1457030147801
  kits:
    octonien: 1457030189754
  logout: 1457030221612
ipAddress: 176.153.6.201
lastlocation:
  world: world
  x: -1.5
  y: 205.0
  z: -1.5
  yaw: 0.0
  pitch: 0.0
logoutlocation:
  world: world
  x: -12.9173187578894
  y: 189.0
  z: 3.9710380350370604
  yaw: -214.60173
  pitch: 8.997826
