socialspy: false
timestamps:
  login: 1457296323352
  kits:
    bouffe: 1455630338597
    octonien: 1457296388593
    decouverte: 1455623894024
  lastteleport: 1457299070340
  logout: 1457299420283
  lastheal: 1455630052669
ipAddress: 90.5.248.147
lastlocation:
  world: world
  x: -2.300000011920973
  y: 60.0
  z: 44.30000001192094
  yaw: -304.8258
  pitch: 68.85149
homes:
  home:
    world: world
    x: -4939.783085332435
    y: 61.0
    z: -2727.8267979697443
    yaw: -118.27731
    pitch: 10.800021
logoutlocation:
  world: world
  x: -4947.5430413485465
  y: 67.0
  z: -2733.699999988079
  yaw: -47.044582
  pitch: 14.100031
money: '7909.0'
uuid: 69e878fa-e0f9-3ddf-9aff-4c44bd3c8571
