socialspy: false
timestamps:
  login: 1455545657690
  kits:
    bouffe: 1454790671313
    octonien: 1454786124281
  lastteleport: 1455546683084
  logout: 1455547743979
ipAddress: 92.153.138.214
lastlocation:
  world: world
  x: 354.35520444121954
  y: 54.0
  z: -3395.8053441556945
  yaw: 328.30933
  pitch: 0.5708929
logoutlocation:
  world: world
  x: -2032.57426099369
  y: 61.0
  z: -1661.8107758484684
  yaw: 274.29578
  pitch: 49.3791
homes:
  home:
    world: world
    x: 351.52295210537886
    y: 64.0
    z: -3399.6704340281926
    yaw: 355.86633
    pitch: 57.251938
money: '1770.75'
