timestamps:
  login: 1455555115159
  kits:
    bouffe: 1455554712375
    octonien: 1455554686718
  logout: 1455555176336
ipAddress: 82.242.225.29
lastlocation:
  world: world
  x: -1.5
  y: 189.0
  z: -3.5
  yaw: 0.0
  pitch: 0.0
logoutlocation:
  world: world
  x: 0.4610360771213965
  y: 190.5
  z: 2.291481648533519
  yaw: 184.09691
  pitch: 21.763702
