timestamps:
  login: 1454773946208
  logout: 1454773975908
ipAddress: 90.29.195.237
lastlocation:
  world: world
  x: -5.5
  y: 189.0
  z: -9.5
  yaw: 0.0
  pitch: 0.0
logoutlocation:
  world: world
  x: -0.05640325665323344
  y: 191.0
  z: 0.06084168811078994
  yaw: -178.79053
  pitch: 16.049873
