timestamps:
  login: 1455381230678
  logout: 1455381248830
ipAddress: 2.13.118.230
lastlocation:
  world: world
  x: -9.5
  y: 189.0
  z: 9.5
  yaw: 0.0
  pitch: 0.0
logoutlocation:
  world: world
  x: 0.4473902726022061
  y: 189.0
  z: -4.724592081603955
  yaw: -209.86296
  pitch: 13.530643
