timestamps:
  login: 1455056748540
  kits:
    octonien: 1455056925334
  logout: 1455057057206
ipAddress: 184.162.194.156
lastlocation:
  world: world
  x: -8.5
  y: 189.0
  z: 8.5
  yaw: 0.0
  pitch: 0.0
logoutlocation:
  world: world
  x: -3.293414648845285
  y: 189.0
  z: -14.590208434097216
  yaw: -198.87242
  pitch: 14.165992
