timestamps:
  login: 1455383729148
  kits:
    bouffe: 1455383767650
    octonien: 1455383750143
  logout: 1455384033894
ipAddress: 81.64.126.26
lastlocation:
  world: world
  x: -5.5
  y: 189.0
  z: 0.5
  yaw: 0.0
  pitch: 0.0
logoutlocation:
  world: world
  x: 2156.00896884321
  y: 5.0
  z: -1510.364807172898
  yaw: 88.20041
  pitch: 12.899989
