world: world
x: 143.03642768879158
y: 25.0
z: 192.67825346591454
yaw: 312.36084
pitch: 20.249882
name: castlewar
