world: world
x: 19822.937714698735
y: 68.0
z: 19680.004920327076
yaw: -315.6949
pitch: -3.3002505
name: chateau
