world: world
x: -19699.658326186942
y: 72.0
z: -14814.452389362503
yaw: 270.82373
pitch: 23.249973
name: cimetiere
