world: world
x: 22.63986927534144
y: 162.5
z: 14.62642193064465
yaw: 296.92026
pitch: 11.759069
name: clef
