world: world
x: -10.164372098089238
y: 163.0
z: 44.94253737331045
yaw: -269.14282
pitch: 15.450183
name: enchantement
