world: world
x: -10.040361185387765
y: 163.0
z: 45.16559758542962
yaw: -267.79303
pitch: 15.300176
name: enchante
