world: world
x: 4.531776532762757
y: 163.0
z: -44.39742385757909
yaw: -79.41978
pitch: -1.0502199
name: enclume
