world: world
x: 0.5770297124938096
y: 171.0
z: -0.08803124415029555
yaw: 180.55849
pitch: -2.0999062
name: enderchest
