world: world_the_end
x: 741.5252632373152
y: 83.0
z: -429.3424074110004
yaw: 181.14122
pitch: 48.91987
name: EventSumo
