world: world_the_end
x: 605.2409108406848
y: 67.0
z: -447.3302151747029
yaw: -81.696075
pitch: -1.0912151
name: eventenclume
