world: world_the_end
x: 612.8658269698669
y: 48.0
z: -304.2718807681599
yaw: 90.887215
pitch: -9.150216
name: EventJump
