world: world_the_end
x: 645.4657567155433
y: 55.0
z: -343.32882091838235
yaw: 268.68176
pitch: 36.89928
name: eventjump2
