world: world
x: 13.374899819767917
y: 132.0
z: 21.718755313382857
yaw: 177.38147
pitch: 20.849949
name: jail
