world: world
x: -217.72190635655406
y: 27.0
z: 226.69381402640948
yaw: -270.79114
pitch: -8.399907
name: koth
