world: world
x: 0.5948793367722639
y: 163.0
z: -31.375395797089887
yaw: -180.94122
pitch: -12.149871
name: octobox
