world: world
x: 80.03563814250028
y: 25.0
z: -174.27339644774636
yaw: 210.41516
pitch: 18.149977
name: octowither
