world: world
x: -206.2258112346819
y: 44.0
z: -195.75679316195422
yaw: -178.747
pitch: 36.076595
name: octosoul
