world: world
x: -15194.668408292371
y: 75.0
z: 15354.4671675589
yaw: 157.13849
pitch: -1.0502869
name: port
