world: world
x: -19.819888530335426
y: 163.0
z: -13.584485572543185
yaw: -268.3667
pitch: -7.650067
name: regleap
