world: world
x: -12.646690863932951
y: 163.0
z: -22.515342184723274
yaw: -184.21411
pitch: 5.099815
name: reglegame
