world: world
x: 14931.5
y: 63.0
z: 14929.5
yaw: 344.65894
pitch: 79.07278
name: village
