world: world
x: 173.59669065170272
y: 33.0
z: 78.41553154495952
yaw: -93.51532
pitch: 41.27421
name: volcan
