world: EVENT
x: 1374.9238202474198
y: 6.0
z: -405.20803739554594
yaw: -0.76957107
pitch: 2.0999634
name: anvil
