world: SkyBlock
x: 35.97788970131804
y: 33.0
z: 12.935824628057139
yaw: 88.66644
pitch: 1.0500877
name: craft
