world: EVENT
x: 719.2850756938672
y: 6.0
z: -476.51099364738036
yaw: 270.12344
pitch: -0.45001745
name: eventanvil
