world: pvp
x: -9.353043871112508
y: 143.8780521980139
z: 694.1324741260414
yaw: 1.8002067
pitch: 61.800083
name: fallingnoob
