world: pvp
x: -9.520397152984643
y: 139.86435596545437
z: 696.3643768809476
yaw: 19.349884
pitch: 67.950035
name: fallingnoob2
