world: vagin
x: 189.08508409879244
y: 69.0
z: 145.05640596222787
yaw: 85.95002
pitch: 16.649998
name: kit
