world: world
x: -147.3021514387801
y: 33.0
z: 2.8973434238727456
yaw: 91.25928
pitch: 9.299581
name: koth
