world: world
x: -2024.349253810594
y: 29.0
z: -602.4678376973052
yaw: 268.66174
pitch: 70.500114
name: lol
