world: world
x: 14.387547547027243
y: 189.0
z: -13.483824951567998
yaw: 229.96228
pitch: 5.0999694
name: octobox
