world: world
x: -0.5522051818180119
y: 27.36252780381039
z: 0.60290921667905
yaw: -90.05779
pitch: 88.667145
name: octosoul
