world: world
x: 0.005182032323605534
y: 66.0
z: -3.0974127682521577
yaw: -91.93948
pitch: 11.549968
name: oki
