world: SkyBlock
x: 101.71048323806255
y: 66.0
z: 5.447079672025702
yaw: -89.85273
pitch: 4.5603512E-5
name: PvpEst
