world: SkyBlock
x: 42.50048338489634
y: 66.0
z: -53.77179862534786
yaw: 179.69708
pitch: -0.2999924
name: PvpNord
