world: SkyBlock
x: -16.931754990935666
y: 66.0
z: 5.548945602113083
yaw: 90.14731
pitch: -0.8999686
name: PvpOuest
