world: SkyBlock
x: 42.476159400016456
y: 66.0
z: 64.7502194241976
yaw: -0.15272221
pitch: 1.6500292
name: PvpSud
