world: world
x: 15.004373370121149
y: 189.0
z: -14.046440513081977
yaw: 227.56226
pitch: -4.2000155
name: RandomBox
