world: world
x: -40.40565817132369
y: 27.0
z: 124.7955204218327
yaw: 359.59668
pitch: 5.6996894
name: rd1
