world: world
x: -154.10910821834196
y: 26.0
z: -151.652329525324
yaw: 269.00977
pitch: 6.899617
name: rd2
