world: EVENT
x: 1115.1735969075767
y: 80.0
z: -226.52662620128896
yaw: -264.4524
pitch: 67.64999
name: spectateur
