world: world
x: 2257.5
y: 64.0
z: -682.5
yaw: -16.63852
pitch: -3.0000138
name: WarZone
