spawns: 
  default: 
    world: world
    x: 0.45052417353113083
    y: 171.0
    z: 1.4063519728528635
    yaw: 181.43103
    pitch: 2.2499652
