OctoWither:
  world: world
  x: 0.4213836833494628
  y: 24.0
  z: -0.4187247153400392
